By-hand order positions at x=500,600,1000,1400,3500 for iord=-2,62, ifib=1,2
nfib 3 2 1 2 4096 3 64 10.5 17
iord  500    1250    2000    2750   3750
  0   143     79       52     59     125
  0   123     59       32     40     107
 10   496.5  430.5    400.5  406.5   469.5
 10   477    411      381    387     450
 20   906    837      803    806.5   866
 20   886    817      783    786.5   846
 30  1391   1317     1279.5 1278.5  1332.5
 30  1370.5 1296.5   1259   1258    1312
 40  1970.5 1890.5   1848   1840.5  1888.5
 40  1949   1869     1826.5 1819    1867
 50  2667   2579     2528   2514    2552
 50  2645   2557     2506   2492    2530
 60  3513.5 3414.5   3353.5 3329.5  3355.5
 60   3489   3390     3329   3305    3331
 64  3901.5 3796.5   3730.5 3701.5  3721
 64  3877   3772     3706   3677    3696.5      
