By-hand order positions at x=200,600,1000,1400,1800 for iord=0,23, ifib=0,1
nfib 2 1 0 2080 3 24 10.5 17
iord  200     600    1000   1400   1800
0      38      35.5    37    43.5   54.5
0    51.5      49      50    57     68
5   346.5     342    342.5  348    358
5   360.5     356   356.5  361.5  371.5
10  689       682   681     685    694
10  703.5     697   696     699    708
15 1074      1065  1061    1064   1071
15 1088      1079  1076    1078   1085
20 1510    1497.5  1491   1491.5  1497
20 1524    1512    1506   1506    1512
23 1799    1784    1778   1776    1780
23 1814   1798.5  1792.5  1790   1794.5
