Selected Redman 2013 ThAr lines.  Vacuum lam from energy levels.
lambda(nm)    Bright  dlambda(nm)
 380.4154600  24000.  0.0000030
 380.5063860   1700.  0.0000060
 380.8955190   2000.  0.0000060
 381.2076890   2300.  0.0000070
 381.4149690   2400.  0.0000060
 381.4897510   1500.  0.0000060
 381.6648760    960.  0.0000040
 381.9769030   2200.  0.0000030
 382.1876560   2600.  0.0000030
 382.2515030   1000.  0.0000060
 382.4152350   1600.  0.0000070
 382.6218240   2400.  0.0000060
 382.7454550   1200.  0.0000100
 382.9470766  14000.  0.0000017
 383.1147100   1100.  0.0000070
 383.1860284   3500.  0.0000009
 383.2726800    950.  0.0000030
 383.2823460    640.  0.0000090
 383.7627440   2000.  0.0000040
 383.7673380   5200.  0.0000030
 383.8963681   8600.  0.0000023
 384.0784238  16000.  0.0000015
 384.0835330   2800.  0.0000050
 384.1889730   1800.  0.0000030
 384.3049790   2000.  0.0000070
 384.3986640   1500.  0.0000050
 384.7978620   1500.  0.0000030
 385.0274660    980.  0.0000050
 385.3227570   3500.  0.0000040
 385.5603770   2200.  0.0000070
 386.0933850   1800.  0.0000060
 386.3516070    830.  0.0000040
 386.4500950   2600.  0.0000050
 386.8005340    790.  0.0000110
 387.0760150   2400.  0.0000040
 387.3819910   1600.  0.0000060
 387.4245538   1800.  0.0000011
 387.4571838   4000.  0.0000017
 387.4920230  12000.  0.0000030
 387.5341840   4400.  0.0000030
 387.5960100  10000.  0.0000040
 387.6471310   4100.  0.0000070
 387.6744530   1000.  0.0000050
 388.0743550   4000.  0.0000040
 388.5925790   7000.  0.0000070
 388.8017286   5600.  0.0000023
 388.8120890   1300.  0.0000040
 389.4754950    470.  0.0000050
 389.6522660   7000.  0.0000040
 389.9541770   1900.  0.0000030
 390.1681590   1200.  0.0000060
 390.1983340   2100.  0.0000070
 390.2767190    860.  0.0000040
 390.4207880   3000.  0.0000040
 390.6292530    720.  0.0000090
 391.0246020    600.  0.0000110
 391.3016809   2100.  0.0000025
 391.3060079    890.  0.0000014
 391.3388800    450.  0.0000070
 391.4113480    430.  0.0000090
 391.4190130    500.  0.0000080
 391.7526593   4200.  0.0000020
 391.8378760   1100.  0.0000070
 391.9179720    660.  0.0000080
 392.0043840    770.  0.0000030
 392.0133130   4600.  0.0000030
 392.4910486   2500.  0.0000022
 392.6204670   6800.  0.0000023
 392.6330440   1400.  0.0000060
 392.6707100    660.  0.0000030
 392.8533630    490.  0.0000090
 392.9976880    540.  0.0000040
 393.0402705    770.  0.0000007
 393.0758320    520.  0.0000160
 393.0781760   9100.  0.0000040
 393.0957160    610.  0.0000160
 393.3339360    420.  0.0000050
 393.4024491   9200.  0.0000022
 393.4351100    480.  0.0000080
 393.8154830    590.  0.0000070
 393.9038430    560.  0.0000070
 393.9729210    720.  0.0000060
 394.3188690    630.  0.0000040
 394.4510330    860.  0.0000050
 394.4721620    650.  0.0000070
 394.4806510    450.  0.0000130
 394.5369710    660.  0.0000080
 394.6623880   1100.  0.0000070
 394.6936800    660.  0.0000070
 394.7262190   1700.  0.0000110
 394.7508830   1900.  0.0000030
 394.7599380    570.  0.0000030
 394.8447870   2000.  0.0000050
 394.9147744  15000.  0.0000013
 394.9251890   1100.  0.0000030
 395.0081410   1000.  0.0000050
 395.1513110  42000.  0.0000016
 395.2633110   1000.  0.0000080
 395.3879260   2100.  0.0000040
 395.6289170   1200.  0.0000060
 395.7713100   1000.  0.0000060
 395.7810230   2100.  0.0000090
 396.0420170   2900.  0.0000050
 396.3540417   1100.  0.0000025
 396.8514530   6300.  0.0000030
 396.9598570   9400.  0.0000060
 397.0125430   1200.  0.0000070
 397.3763080   1600.  0.0000040
 397.4319850   2900.  0.0000040
 398.1215110   1700.  0.0000080
 398.2232350    910.  0.0000090
 398.8332950    920.  0.0000070
 399.1620479   1900.  0.0000025
 399.2859450   1900.  0.0000050
 399.5678790   3900.  0.0000070
 399.7191580   1100.  0.0000090
 400.0083220    890.  0.0000060
 400.1411950   1400.  0.0000060
 400.2189140   3800.  0.0000030
 400.3024652   1600.  0.0000008
 400.4440410   1200.  0.0000060
 400.4705760    710.  0.0000070
 400.6224970   3000.  0.0000040
 400.7093810    420.  0.0000100
 400.7513430    440.  0.0000070
 400.8151570    940.  0.0000070
 400.9343216   7800.  0.0000023
 401.0144230   1200.  0.0000040
 401.0190590   4400.  0.0000040
 401.0952860    690.  0.0000060
 401.2725460   1600.  0.0000030
 401.2873665   2900.  0.0000011
 401.3629257   9500.  0.0000019
 401.5851009   1700.  0.0000025
 401.8198000    440.  0.0000040
 401.9234550   1200.  0.0000050
 402.0264730  20000.  0.0000021
 402.1490270    980.  0.0000080
 402.3204040   2400.  0.0000030
 402.3232560   1000.  0.0000040
 402.4474780    720.  0.0000050
 402.5939666   1900.  0.0000011
 402.6793230    620.  0.0000050
 402.7299010    550.  0.0000050
 402.8146970   4300.  0.0000030
 402.9472370    230.  0.0000080
 403.0795990    890.  0.0000090
 403.0964150   1500.  0.0000030
 403.1430750   2100.  0.0000050
 403.1981254  15000.  0.0000014
 403.3592460   1800.  0.0000040
 403.3734530   2300.  0.0000060
 403.4915290   1000.  0.0000040
 403.5046617   2000.  0.0000024
 403.5386050    540.  0.0000050
 403.7188036  24000.  0.0000008
 403.7705600   2500.  0.0000070
 403.8702080    750.  0.0000090
 403.9369507   1000.  0.0000025
 404.1006080   1300.  0.0000070
 404.2345270    970.  0.0000070
 404.4536970   6200.  0.0000030
 404.9431050   1200.  0.0000050
 404.9575680    940.  0.0000090
 405.1088510   1800.  0.0000030
 405.2031280   2400.  0.0000070
 405.4672510   4100.  0.0000021
 406.0399200   4000.  0.0000030
 406.4554460   4300.  0.0000030
 406.5479330   2000.  0.0000050
 406.8599140   2300.  0.0000030
 407.0350410   3400.  0.0000050
 407.0610270   2200.  0.0000050
 407.1387417   1400.  0.0000006
 407.2900910   2000.  0.0000030
 407.3152550     70.  0.0000060
 407.5006370   1100.  0.0000060
 407.6653502   3200.  0.0000023
 408.1509900   1100.  0.0000040
 408.2519850   2300.  0.0000060
 408.4621352   2600.  0.0000024
 408.6195280   3000.  0.0000050
 408.6409590    920.  0.0000070
 408.6587320   2600.  0.0000040
 408.7673990   7500.  0.0000030
 408.8438400   1500.  0.0000040
 408.9880570   1600.  0.0000050
 409.0292153   2100.  0.0000022
 409.5902670   6100.  0.0000040
 409.7231890   1600.  0.0000017
 409.8903671   5700.  0.0000009
 409.9888226    960.  0.0000017
 410.0089480    800.  0.0000070
 410.1498408  15000.  0.0000007
 410.3775480   1600.  0.0000050
 410.5996850    720.  0.0000090
 410.6488590    640.  0.0000070
 410.8209510    920.  0.0000080
 410.8445380    630.  0.0000100
 410.9020470    730.  0.0000040
 410.9579100   4800.  0.0000040
 411.0482860   2200.  0.0000040
 411.1794970    550.  0.0000120
 411.1985930   1900.  0.0000060
 411.3914776  18000.  0.0000009
 411.6920100   3400.  0.0000040
 411.7875080   4500.  0.0000040
 412.8576120   3400.  0.0000060
 413.2167247   5600.  0.0000024
 413.3918870   2200.  0.0000070
 413.5122790    940.  0.0000050
 413.5233915   4100.  0.0000013
 413.5279180    950.  0.0000060
 413.6646190    900.  0.0000050
 413.7452070    840.  0.0000080
 413.9207550    700.  0.0000040
 414.1402580   1500.  0.0000060
 414.3869200   3500.  0.0000050
 414.4817482    960.  0.0000020
 414.9351240    930.  0.0000070
 415.1157110   1500.  0.0000050
 415.1259199   1300.  0.0000020
 415.5891770    670.  0.0000040
 415.7409950    430.  0.0000080
 415.7688370   1300.  0.0000050
 415.8452480   1100.  0.0000070
 415.8567840    610.  0.0000030
 415.9707570   2400.  0.0000050
 416.2912000    670.  0.0000050
 416.3682360   1600.  0.0000050
 416.4820720    690.  0.0000070
 416.6940431   5500.  0.0000019
 416.9809150    740.  0.0000060
 417.1708742   7300.  0.0000018
 417.4623330    420.  0.0000050
 417.8342130    230.  0.0000080
 417.9237240   2400.  0.0000050
 418.0025684    970.  0.0000019
 418.0397883   1500.  0.0000010
 418.0491930    750.  0.0000040
 418.0795701   1300.  0.0000020
 418.0892910   2400.  0.0000050
 418.1138070    900.  0.0000050
 418.5316600    590.  0.0000030
 419.2208660     30.  0.0000120
 419.3543190    840.  0.0000050
 419.4197790   2900.  0.0000040
 419.6118008   2300.  0.0000023
 419.7014430    240.  0.0000160
 420.0814510    310.  0.0000160
 420.3030450    610.  0.0000070
 420.5068330    320.  0.0000040
 420.5225690    870.  0.0000050
 420.9596190    740.  0.0000050
 420.9934090    460.  0.0000060
 421.0050218    910.  0.0000013
 421.0076230   3200.  0.0000040
 421.1158580   1100.  0.0000030
 421.1274600    400.  0.0000080
 421.1641520    370.  0.0000100
 421.1950936   3600.  0.0000024
 421.2109241  16000.  0.0000010
 421.4253910   2100.  0.0000030
 421.4564740    630.  0.0000070
 421.6015579   1800.  0.0000012
 421.7257300    720.  0.0000070
 421.7559770    600.  0.0000030
 422.1253590    940.  0.0000040
 422.1921170    450.  0.0000030
 422.4629850   1000.  0.0000050
 422.4782860    720.  0.0000040
 422.7915820  42000.  0.0000150
 422.8577660   1900.  0.0000050
 423.0338722   2600.  0.0000016
 423.1617930   2000.  0.0000050
 423.6656109  12000.  0.0000009
 424.2288856    590.  0.0000018
 424.8794660    440.  0.0000090
 424.9055200    270.  0.0000110
 424.9185110    690.  0.0000060
 424.9586820    870.  0.0000020
 425.1511045  13000.  0.0000008
 425.1538690   1300.  0.0000060
 425.1971440    640.  0.0000030
 425.4735860   1900.  0.0000070
 425.6434404    800.  0.0000012
 425.6995110    660.  0.0000040
 425.7451740   2800.  0.0000030
 425.8694574  11000.  0.0000010
 425.9719085   1800.  0.0000021
 426.1532130   1500.  0.0000050
 426.3812150    660.  0.0000100
 427.1144290    980.  0.0000050
 427.3505480   1800.  0.0000030
 427.4076880   1800.  0.0000050
 427.4560020   2200.  0.0000040
 427.5227520    380.  0.0000130
 427.8010670    970.  0.0000050
 427.8517500   6000.  0.0000030
 427.9527100   2400.  0.0000070
 428.1772450   1700.  0.0000030
 428.2272400   1200.  0.0000030
 428.2619200    770.  0.0000070
 428.3246140   4500.  0.0000030
 428.3293780   1200.  0.0000024
 428.4310040    790.  0.0000090
 428.4723590    680.  0.0000060
 428.7434410    770.  0.0000030
 428.9875450   1400.  0.0000050
 429.0861910    620.  0.0000030
 429.3017290   1800.  0.0000025
 429.5927430    490.  0.0000060
 429.6793360    510.  0.0000040
 429.8515420   2000.  0.0000030
 430.0844666    830.  0.0000021
 430.1048820   2200.  0.0000040
 430.6167320    500.  0.0000030
 430.8387570   3800.  0.0000030
 430.9333660   1700.  0.0000040
 430.9812050    630.  0.0000050
 431.1099090   1200.  0.0000030
 431.1204770   1100.  0.0000090
 431.3012300   1400.  0.0000040
 431.4211038   9700.  0.0000012
 431.5532860    940.  0.0000040
 431.6467861   4300.  0.0000019
 431.9630250   1800.  0.0000080
 432.1341270   1400.  0.0000040
 432.6490360    930.  0.0000040
 433.0132510   3400.  0.0000006
 433.2061510   2100.  0.0000030
 433.2562670    640.  0.0000030
 433.6952130    750.  0.0000050
 433.8496678   5700.  0.0000008
 433.9327320   1100.  0.0000040
 434.2115700   1500.  0.0000040
 434.3664866   3800.  0.0000023
 434.5172620    720.  0.0000030
 434.5547790   1600.  0.0000060
 434.7658480   2100.  0.0000050
 434.9820630    670.  0.0000120
 435.0294653   2700.  0.0000013
 435.3835573    680.  0.0000025
 435.4672258   2700.  0.0000023
 435.5706400    640.  0.0000050
 435.8838000    420.  0.0000040
 435.9544990   1200.  0.0000030
 436.0597110   1500.  0.0000040
 436.7156970   3800.  0.0000030
 437.0722640    620.  0.0000030
 437.1103643   2300.  0.0000009
 437.5240790    900.  0.0000030
 437.5352901  10000.  0.0000007
 437.6014340   1400.  0.0000070
 437.9406984   6800.  0.0000013
 438.2632740    980.  0.0000080
 438.3091240   5000.  0.0000030
 438.5887870    740.  0.0000030
 438.8966790    770.  0.0000030
 438.9069590    820.  0.0000060
 439.2344060   6100.  0.0000030
 439.4208034   1800.  0.0000018
 439.4993260    670.  0.0000040
 439.9150290    620.  0.0000050
 440.1204690    720.  0.0000023
 440.2817478   2500.  0.0000014
 440.4163768   5200.  0.0000017
 440.9720810    520.  0.0000030
 441.0121043  10000.  0.0000012
 441.3807590    560.  0.0000100
 441.3978570   1300.  0.0000040
 441.4132230    620.  0.0000040
 441.5726090   2100.  0.0000030
 441.7477120    460.  0.0000070
 441.8085160   1000.  0.0000050
 442.3289660    920.  0.0000040
 442.4962380    670.  0.0000040
 442.6079770    540.  0.0000060
 443.3496710    940.  0.0000030
 443.4207370   1700.  0.0000060
 443.9992448    790.  0.0000022
 444.0369860    590.  0.0000060
 444.1521110    670.  0.0000040
 444.1599898   1000.  0.0000022
 444.1820280    710.  0.0000060
 444.2112730    800.  0.0000080
 444.4913035    550.  0.0000013
 444.6281560    630.  0.0000060
 444.6535910    300.  0.0000100
 444.6563630    590.  0.0000050
 444.7149172   3100.  0.0000018
 444.9083230    630.  0.0000080
 445.2053290    490.  0.0000040
 445.3815269   2900.  0.0000016
 445.9252780   4000.  0.0000023
 446.2493202   2300.  0.0000012
 446.2779900   3000.  0.0000030
 446.6593830   1300.  0.0000070
 447.0779590   1500.  0.0000030
 447.2245240    440.  0.0000060
 447.6477152   2000.  0.0000010
 447.9852440    660.  0.0000030
 448.0894490    620.  0.0000050
 448.3426771   2900.  0.0000011
 448.4604742   1500.  0.0000020
 448.8156109   3700.  0.0000014
 448.8754450    920.  0.0000070
 448.9940160    970.  0.0000050
 449.0924190   1300.  0.0000040
 449.4594224  28000.  0.0000007
 450.0202139   3100.  0.0000023
 450.0229420    640.  0.0000050
 450.1245566   2400.  0.0000018
 450.6480340   1400.  0.0000040
 450.7737020    890.  0.0000030
 450.7812080    350.  0.0000110
 451.1790880   1200.  0.0000060
 451.4488870   1100.  0.0000040
 451.4945900   1100.  0.0000050
 451.6384520   5400.  0.0000008
 452.0526680   1200.  0.0000023
 452.2461724   3200.  0.0000010
 453.1589440   1100.  0.0000050
 453.4348019    800.  0.0000018
 453.4575280    860.  0.0000050
 453.5391050    680.  0.0000100
 453.6526240   2000.  0.0000030
 454.2272114   2300.  0.0000014
 454.5788170    450.  0.0000030
 454.7190128   2900.  0.0000025
 454.8524540    690.  0.0000030
 455.3429610    810.  0.0000050
 455.6995920   1600.  0.0000100
 455.7089707   3100.  0.0000023
 455.9623540    850.  0.0000030
 456.2626250   1300.  0.0000050
 456.3359070    400.  0.0000120
 456.4940150   1500.  0.0000040
 456.6114853    560.  0.0000011
 456.8520307   2000.  0.0000013
 456.9422840    650.  0.0000040
 457.2253255   3400.  0.0000021
 457.2500720    630.  0.0000050
 458.1110512    890.  0.0000012
 458.2457010    720.  0.0000050
 458.9711810   3800.  0.0000022
 459.0552690   1400.  0.0000060
 459.3952869   2800.  0.0000019
 459.4930850    670.  0.0000090
 459.6708191   8700.  0.0000010
 459.7595650    590.  0.0000040
 460.4434180    990.  0.0000040
 460.9225620    820.  0.0000040
 460.9911031    640.  0.0000008
 461.3151550    590.  0.0000050
 461.3834710    450.  0.0000040
 461.4896770    670.  0.0000006
 461.6316770    740.  0.0000050
 461.6626840    830.  0.0000030
 462.0773260    660.  0.0000060
 462.2457240   1100.  0.0000030
 462.8593856    660.  0.0000024
 462.9497620   1200.  0.0000030
 463.2939300    570.  0.0000040
 463.3058750   1300.  0.0000060
 463.5063340    950.  0.0000060
 463.9983787   1400.  0.0000017
 464.0818090    440.  0.0000120
 464.1002870    300.  0.0000110
 464.1194980    300.  0.0000080
 464.1345460    750.  0.0000060
 464.6007780    520.  0.0000090
 464.7987180    670.  0.0000040
 464.8552206   1100.  0.0000010
 465.1536380    930.  0.0000030
 465.2857630    790.  0.0000050
 465.3292010    680.  0.0000060
 466.0874460    490.  0.0000040
 466.4508069   3200.  0.0000012
 466.7311260    770.  0.0000050
 466.7822199   1400.  0.0000019
 466.8104840   1600.  0.0000030
 466.9478420   2500.  0.0000030
 467.1291506   3600.  0.0000024
 467.4969155  15000.  0.0000010
 467.7364405   2700.  0.0000024
 468.1547690    730.  0.0000030
 468.1956080    500.  0.0000050
 468.4662507   1300.  0.0000013
 468.7506126   4600.  0.0000009
 469.0482010    980.  0.0000060
 469.0564230   1500.  0.0000060
 469.1934676   1500.  0.0000017
 469.2811780    580.  0.0000030
 469.2948410   1600.  0.0000019
 469.5405060   1800.  0.0000040
 469.6351958   4900.  0.0000011
 469.6768290   1000.  0.0000080
 470.2086584    440.  0.0000024
 470.5306012  18000.  0.0000009
 470.7077270   1100.  0.0000060
 470.9611330    990.  0.0000040
 471.3800000   1900.  0.0000050
 471.4159480    600.  0.0000030
 471.6750110    260.  0.0000060
 472.1781171    520.  0.0000016
 472.2101750    310.  0.0000140
 472.2597381    970.  0.0000025
 472.3409700   1400.  0.0000040
 472.4759594  14000.  0.0000007
 472.5105010   2000.  0.0000040
 472.6094010    520.  0.0000050
 473.0451114   2900.  0.0000016
 473.1202540    410.  0.0000040
 474.1002010   1600.  0.0000040
 474.1855150   1500.  0.0000030
 474.2284513   1200.  0.0000011
 474.2629930    560.  0.0000050
 474.3444059    560.  0.0000011
 474.6664800    520.  0.0000030
 475.0528414   3600.  0.0000015
 475.1299780   1300.  0.0000030
 475.3743070   2100.  0.0000050
 475.9480180   1000.  0.0000030
 476.2441510    640.  0.0000120
 476.5678590   2700.  0.0000030
 476.6927400    920.  0.0000040
 476.7933269   3100.  0.0000016
 477.4575520    580.  0.0000030
 477.5586200    950.  0.0000050
 477.5610610    490.  0.0000030
 477.6648000    620.  0.0000060
 477.7129401    810.  0.0000021
 477.8527360   1100.  0.0000080
 477.9629805  10000.  0.0000009
 478.1064891    540.  0.0000023
 478.4098310    500.  0.0000050
 478.5199104    860.  0.0000023
 478.5376950    550.  0.0000110
 478.7869100    720.  0.0000040
 478.8486190   1100.  0.0000017
 479.0725632   5700.  0.0000009
 479.4584480    700.  0.0000030
 479.7253760    660.  0.0000030
 480.9477545  12000.  0.0000012
 481.0958290   3600.  0.0000012
 481.3720510    750.  0.0000030
 481.4351980    690.  0.0000030
 481.5065740   1600.  0.0000030
 481.5241690   2400.  0.0000016
 481.9994540    580.  0.0000120
 482.0539900    690.  0.0000050
 482.1811960    590.  0.0000030
 482.2231600   1700.  0.0000009
 482.2935219   1900.  0.0000012
 482.4202534   7400.  0.0000014
 482.4954360   2300.  0.0000030
 482.5344750    940.  0.0000040
 482.8049168   4700.  0.0000020
 483.1146890    510.  0.0000030
 483.2471227   7000.  0.0000010
 483.2947689   2500.  0.0000017
 483.4153020   1300.  0.0000040
 483.4529120    630.  0.0000050
 484.1828530    820.  0.0000070
 484.2195295   9600.  0.0000011
 484.5229950    830.  0.0000030
 484.5294506   1400.  0.0000015
 484.5518710    600.  0.0000060
 484.6516190    820.  0.0000030
 484.9716989   6000.  0.0000012
 485.0494710    910.  0.0000040
 485.1216506    680.  0.0000021
 485.1794610   1300.  0.0000050
 485.4224170   1300.  0.0000040
 485.9689960    880.  0.0000070
 486.2574530   1100.  0.0000050
 486.3075192    820.  0.0000019
 486.4499488   1500.  0.0000022
 486.4531980   4000.  0.0000040
 486.6836537   9200.  0.0000012
 487.0241200   1400.  0.0000030
 487.4277849   4400.  0.0000011
 487.5725760   2500.  0.0000030
 487.7856960    860.  0.0000070
 487.9371761   2200.  0.0000019
 488.0095576   7200.  0.0000010
 488.2567731    910.  0.0000011
 489.0855690    530.  0.0000017
 489.4125446    520.  0.0000016
 489.4811730    590.  0.0000030
 489.6321801  13000.  0.0000008
 490.0608040    680.  0.0000080
 490.3354400    340.  0.0000040
 490.3423163   1400.  0.0000021
 490.8579530    500.  0.0000130
 491.1528551   1000.  0.0000020
 491.2163830    660.  0.0000040
 491.2750120    550.  0.0000040
 491.3900810    930.  0.0000050
 492.1189314   5000.  0.0000022
 492.2987370   1000.  0.0000050
 492.4318530    440.  0.0000070
 492.5796970    420.  0.0000060
 492.7325230    770.  0.0000120
 492.9155924   1800.  0.0000023
 493.0461280    460.  0.0000030
 493.1360960    400.  0.0000080
 493.5229460    650.  0.0000050
 493.8153210   1400.  0.0000030
 493.9207770   1700.  0.0000030
 494.1020804   5600.  0.0000013
 494.4443659   2600.  0.0000008
 494.5087530    620.  0.0000140
 494.6838804   6600.  0.0000009
 494.8044470   1000.  0.0000030
 494.8956100    800.  0.0000060
 495.1632970    480.  0.0000080
 495.2007990   1000.  0.0000070
 495.5939580    380.  0.0000070
 495.6043390    500.  0.0000080
 496.1879110    270.  0.0000060
 496.3110560    780.  0.0000090
 496.5503840    420.  0.0000080
 496.7117220   1300.  0.0000030
 497.0140440    410.  0.0000060
 497.1465414    460.  0.0000020
 498.1575520   1300.  0.0000030
 498.3877505   1600.  0.0000018
 498.6763265   3700.  0.0000014
 498.8538630    560.  0.0000120
 499.0700490   1500.  0.0000030
 499.5141880    560.  0.0000012
 499.5499010    330.  0.0000030
 500.1334610    350.  0.0000120
 500.1641240    330.  0.0000100
 500.3492409   7800.  0.0000009
 500.4993790    610.  0.0000030
 500.5524170    690.  0.0000060
 501.7288390    800.  0.0000120
 501.8653560   2200.  0.0000040
 501.8907880    610.  0.0000050
 502.1206193   2000.  0.0000013
 502.3405570    850.  0.0000040
 502.3574740    470.  0.0000080
 502.5109480    440.  0.0000030
 503.0008040   1300.  0.0000060
 503.0057980   6100.  0.0000017
 503.1294425   1300.  0.0000015
 504.0635525   5300.  0.0000010
 504.0931612    420.  0.0000018
 504.2528130    800.  0.0000100
 504.4920940    330.  0.0000100
 504.6126157   9700.  0.0000009
 504.6173497    630.  0.0000022
 504.6655590   1500.  0.0000030
 504.8450765   2400.  0.0000013
 505.0344354    450.  0.0000011
 505.1204120   2400.  0.0000030
 505.1254180    550.  0.0000090
 505.2192483   2600.  0.0000013
 505.3297200   1300.  0.0000040
 505.6628780    370.  0.0000040
 505.6756850    960.  0.0000040
 505.9396680    620.  0.0000120
 505.9771315    740.  0.0000014
 506.1271660   2200.  0.0000030
 506.3067350    600.  0.0000030
 506.4344050    640.  0.0000080
 506.4927300    590.  0.0000030
 506.5410557    590.  0.0000013
 506.6013982   3900.  0.0000020
 506.6357404   4700.  0.0000013
 506.6604630   2200.  0.0000020
 506.7548028   1300.  0.0000020
 506.8189780    730.  0.0000090
 506.8550609    510.  0.0000024
 506.9386662  15000.  0.0000010
 508.2862520    670.  0.0000030
 508.6116760   1200.  0.0000080
 508.6410950    680.  0.0000030
 508.6713020    700.  0.0000140
 509.1469980    450.  0.0000080
 509.1964075    970.  0.0000009
 509.2169630    640.  0.0000090
 509.6487990   1800.  0.0000130
 509.7905214   2700.  0.0000014
 509.9464220    680.  0.0000070
 510.2042652   3500.  0.0000010
 510.2551444    670.  0.0000021
 511.1157230    330.  0.0000060
 511.2702610   1200.  0.0000040
 511.6470027   6800.  0.0000016
 511.8718530    510.  0.0000100
 512.3926940    510.  0.0000030
 512.6917780    650.  0.0000080
 512.7378571   1400.  0.0000008
 512.9918720   1200.  0.0000030
 513.2501470    300.  0.0000120
 513.4535420    330.  0.0000100
 513.6176560   2100.  0.0000014
 513.8904650    580.  0.0000022
 514.2150220    290.  0.0000070
 514.2205800    670.  0.0000030
 514.4700180    900.  0.0000050
 514.5349552   2900.  0.0000022
 514.6471660    530.  0.0000060
 514.7489280    410.  0.0000120
 514.9645790    910.  0.0000090
 515.3046966   6000.  0.0000009
 515.5678823   7800.  0.0000012
 516.0041165  16000.  0.0000009
 516.2130260    780.  0.0000080
 516.2168320    970.  0.0000030
 516.2977331   2200.  0.0000023
 516.4896684   3300.  0.0000011
 517.0026239    440.  0.0000022
 517.0362148    410.  0.0000019
 517.5112470    630.  0.0000023
 517.6766100    900.  0.0000040
 517.7353510    550.  0.0000060
 517.7845382    610.  0.0000022
 517.8402978   5000.  0.0000018
 517.9064950    700.  0.0000030
 518.3970290    560.  0.0000190
 518.5433330    570.  0.0000060
 518.5897240    670.  0.0000030
 518.7857468    440.  0.0000019
 518.8782063   1400.  0.0000011
 518.8912430    240.  0.0000070
 519.2317630    740.  0.0000050
 519.5904110   1900.  0.0000030
 519.7260519   5100.  0.0000010
 520.0247438   3000.  0.0000021
 520.0611588   9200.  0.0000009
 520.0774609   1500.  0.0000024
 520.6601590    710.  0.0000040
 520.7945240    650.  0.0000070
 521.1174973   1500.  0.0000013
 521.2681326   6900.  0.0000011
 521.4800819   2500.  0.0000014
 521.8049050    850.  0.0000050
 521.9979970    460.  0.0000040
 522.0563004   4400.  0.0000015
 522.2379956    640.  0.0000019
 522.9680100    830.  0.0000040
 523.2615854  15000.  0.0000009
 523.4682290    990.  0.0000060
 524.0272094   2100.  0.0000018
 524.1010614   1800.  0.0000013
 524.1655520    640.  0.0000050
 524.8657449    540.  0.0000014
 524.9115320   1900.  0.0000050
 525.5721320    550.  0.0000030
 525.9823801   9200.  0.0000013
 526.1568191   1500.  0.0000024
 526.2936348    550.  0.0000015
 526.8175973   4600.  0.0000011
 527.4394242    710.  0.0000023
 527.4599430    460.  0.0000070
 527.5586444   1800.  0.0000013
 527.8614360    450.  0.0000030
 527.8968920   1300.  0.0000060
 528.2538324   1300.  0.0000009
 529.3288960    810.  0.0000030
 529.5870228   1300.  0.0000024
 529.7752294   1800.  0.0000020
 529.9217099   2000.  0.0000025
 529.9321830    630.  0.0000060
 529.9756629   2000.  0.0000021
 530.1998060   1100.  0.0000018
 530.8462960    520.  0.0000030
 530.8942130    890.  0.0000160
 531.1743980    670.  0.0000050
 531.3479513   7300.  0.0000009
 531.4006829   3400.  0.0000013
 531.4382476   2200.  0.0000017
 531.8973654   1500.  0.0000017
 532.6625200    840.  0.0000090
 532.6913010    630.  0.0000040
 532.7758980   1000.  0.0000030
 532.8457512   4400.  0.0000022
 533.1562950    740.  0.0000030
 534.1983770    520.  0.0000110
 534.5067449  11000.  0.0000011
 534.9458748    980.  0.0000015
 535.2614810   1300.  0.0000050
 535.3324920    380.  0.0000080
 535.7125980    420.  0.0000040
 536.0196340    380.  0.0000070
 536.1317612    420.  0.0000025
 536.1640608   2200.  0.0000015
 536.2646580    560.  0.0000030
 536.4066485    790.  0.0000010
 537.0774838    900.  0.0000023
 537.0940161    720.  0.0000014
 537.2202837    570.  0.0000012
 537.4196680    820.  0.0000030
 537.6316373   1800.  0.0000020
 537.6847230    680.  0.0000060
 537.7263670    610.  0.0000110
 537.7625380   4200.  0.0000070
 537.8276010    820.  0.0000030
 538.0331290   1800.  0.0000030
 538.0606148   3300.  0.0000015
 538.4424250    590.  0.0000050
 538.8108047   4700.  0.0000014
 538.9548940    750.  0.0000040
 539.1924291   2400.  0.0000014
 539.1965840    940.  0.0000060
 539.4072010    770.  0.0000050
 539.5471420    850.  0.0000030
 539.6260573   4100.  0.0000011
 540.0202350   1300.  0.0000040
 540.0423140    940.  0.0000070
 540.0675500   1800.  0.0000040
 540.4701680    760.  0.0000060
 540.9156906   4900.  0.0000018
 541.2272939   3700.  0.0000020
 541.6938330    780.  0.0000090
 541.7028064   1600.  0.0000017
 541.8991740  12000.  0.0000011
 542.3343240    370.  0.0000090
 542.5515554   2500.  0.0000021
 542.7186470   1200.  0.0000080
 543.2621444   3100.  0.0000015
 543.5661870   1400.  0.0000030
 543.5661870   1400.  0.0000030
 543.7403360    930.  0.0000070
 543.8899180    690.  0.0000090
 544.2113600    680.  0.0000030
 544.4631590    600.  0.0000080
 544.8667560   6500.  0.0000070
 545.0993330   1100.  0.0000140
 545.3733906   3800.  0.0000019
 546.0484570   1700.  0.0000080
 546.3253460    430.  0.0000070
 546.4130900    510.  0.0000100
 546.5723693   1700.  0.0000009
 547.2279320   1400.  0.0000030
 547.6255610    430.  0.0000060
 547.6386060    500.  0.0000070
 548.0597060    480.  0.0000040
 548.5670500    440.  0.0000070
 549.0153690    420.  0.0000040
 549.4169410   2800.  0.0000021
 549.4730175    970.  0.0000012
 549.5857060   1300.  0.0000030
 549.7663851   2200.  0.0000022
 550.0783004  11000.  0.0000012
 550.1175473    670.  0.0000018
 550.2809910    680.  0.0000050
 550.5831080   2800.  0.0000015
 550.9068570    700.  0.0000030
 551.0088798    540.  0.0000023
 551.1524299   5400.  0.0000020
 551.6404947   3500.  0.0000019
 552.0522490    640.  0.0000050
 552.6117190   1100.  0.0000040
 552.8830640    530.  0.0000040
 552.9762870    560.  0.0000060
 554.0146886    770.  0.0000023
 554.0800280  14000.  0.0000012
 554.1449280   1700.  0.0000060
 554.4429597   2400.  0.0000021
 554.9716825   5100.  0.0000014
 555.2913760    660.  0.0000070
 555.4164910    530.  0.0000030
 555.8588869   4800.  0.0000017
 555.9885976   6600.  0.0000017
 556.5746560    700.  0.0000070
 556.9543550    720.  0.0000060
 557.2738496   4900.  0.0000018
 557.4012385   3300.  0.0000014
 557.4901217  10000.  0.0000014
 557.7753061   2200.  0.0000019
 558.0907613   4900.  0.0000016
 558.2304440    470.  0.0000080
 558.3917210    420.  0.0000060
 558.4416870    330.  0.0000040
 558.5312720    620.  0.0000120
 558.8577701  20000.  0.0000011
 559.6617074   4900.  0.0000022
 560.3158273   5000.  0.0000013
 560.6071680   1100.  0.0000080
 560.7942731    930.  0.0000025
 561.1661921   1400.  0.0000025
 561.1788310   2100.  0.0000030
 561.2238710   2300.  0.0000040
 561.3626009   2400.  0.0000022
 561.6878355   7100.  0.0000010
 562.1535490    550.  0.0000050
 562.2476840    120.  0.0000100
 563.1859810    740.  0.0000110
 563.4858670    800.  0.0000030
 564.1311660   2800.  0.0000040
 564.3123370    480.  0.0000030
 564.3300190    560.  0.0000040
 564.7091665    830.  0.0000013
 564.7235770    940.  0.0000030
 564.7461920    550.  0.0000070
 564.8018780    520.  0.0000070
 565.0558826   1500.  0.0000012
 565.5592870    340.  0.0000080
 565.9495510   1900.  0.0000050
 566.6193051    580.  0.0000022
 566.6751963   4300.  0.0000020
 566.7200510    580.  0.0000090
 566.8700620   1100.  0.0000040
 567.6561090    910.  0.0000040
 567.8628122   1900.  0.0000019
 568.6769600   1100.  0.0000030
 569.9874590    560.  0.0000070
 570.2039920    600.  0.0000070
 570.2278110    550.  0.0000050
 570.2362280    420.  0.0000040
 570.2499280   2200.  0.0000050
 570.8686690   2900.  0.0000040
 571.7110830    610.  0.0000170
 572.1209171   6300.  0.0000016
 572.1769512  31000.  0.0000010
 572.5825200    510.  0.0000070
 572.6051730    890.  0.0000030
 572.6976644   5300.  0.0000017
 573.4565420    710.  0.0000130
 573.7620650    640.  0.0000050
 574.3421463   1700.  0.0000010
 574.3676440    580.  0.0000080
 575.0335451   2900.  0.0000024
 575.0982960    830.  0.0000050
 575.4621995   4400.  0.0000017
 576.2148230  53000.  0.0000009
 576.4392280    490.  0.0000070
 576.5127283   3700.  0.0000012
 576.9378034    790.  0.0000024
 576.9780793   2100.  0.0000016
 577.3360580    380.  0.0000030
 577.5547454   1500.  0.0000017
 577.9002530    510.  0.0000040
 578.3262190    340.  0.0000040
 578.3917210    420.  0.0000030
 579.1250408   3400.  0.0000017
 579.4036435   2700.  0.0000013
 579.7675373   1600.  0.0000017
 579.8926760    570.  0.0000030
 580.0085659    450.  0.0000017
 580.2437926   6000.  0.0000013
 580.5750388  18000.  0.0000009
 580.9291720    380.  0.0000060
 581.4584210   1200.  0.0000030
 581.7034190   1200.  0.0000060
 582.4407740    440.  0.0000060
 583.2443677    500.  0.0000019
 583.3987340   1600.  0.0000030
 584.0568700    470.  0.0000080
 584.2259530    700.  0.0000030
 584.5426854    590.  0.0000018
 584.7539393    550.  0.0000016
 585.4303215   2600.  0.0000022
 585.5097116   1300.  0.0000011
 585.5743220   2000.  0.0000030
 586.1293070    490.  0.0000080
 586.5343558   1400.  0.0000014
 587.0001170    430.  0.0000060
 587.1477590    700.  0.0000030
 587.2179970    580.  0.0000070
 587.2810009    680.  0.0000019
 588.5255540   1200.  0.0000100
 588.7332723   5200.  0.0000018
 588.8162670    690.  0.0000050
 589.3083656   3400.  0.0000020
 589.6915580    540.  0.0000060
 590.1478919    930.  0.0000012
 590.4237710    480.  0.0000070
 590.7207100   2100.  0.0000030
 591.0562830   1800.  0.0000040
 591.0594820    830.  0.0000030
 591.2867680    450.  0.0000060
 591.6024610    930.  0.0000050
 591.6309729   5600.  0.0000023
 591.6352600   1300.  0.0000030
 591.8367650    590.  0.0000050
 592.0584689   1100.  0.0000022
 592.7045272   1600.  0.0000014
 592.7505880    610.  0.0000070
 592.7533950    620.  0.0000080
 592.7873989   3100.  0.0000016
 593.1577280   1100.  0.0000017
 593.6053560    400.  0.0000080
 593.8806950    500.  0.0000060
 593.9308509   1200.  0.0000019
 594.0102160   2700.  0.0000018
 594.0470493   6200.  0.0000013
 594.6294282   2700.  0.0000019
 595.0447243    480.  0.0000019
 595.7211600    500.  0.0000060
 595.7909440    360.  0.0000110
 595.9239080    270.  0.0000060
 596.1324560    350.  0.0000030
 597.1390990    620.  0.0000050
 597.5319411  17000.  0.0000011
 597.6719899   7400.  0.0000012
 598.7924637    470.  0.0000014
 599.0703620   3700.  0.0000040
 599.2666395   4400.  0.0000015
 599.5788869  12000.  0.0000014
 599.8290570    570.  0.0000030
 600.2424100    620.  0.0000030
 600.2865341   1900.  0.0000019
 600.6828106   1800.  0.0000019
 600.8735814   4500.  0.0000017
 601.1824902   3200.  0.0000011
 601.3198503    480.  0.0000023
 601.7087800    610.  0.0000100
 602.2703055   5500.  0.0000016
 602.4892400    440.  0.0000060
 602.7446770    240.  0.0000080
 602.7713300    220.  0.0000030
 603.0895580    450.  0.0000030
 603.1319790    250.  0.0000030
 603.2114833   1500.  0.0000014
 603.4543160    500.  0.0000050
 603.5083740    430.  0.0000070
 603.6863480    830.  0.0000040
 603.9369279   7500.  0.0000012
 604.0352540   1600.  0.0000030
 604.4262800    460.  0.0000050
 604.6106430    840.  0.0000060
 605.0725856   5600.  0.0000013
 605.2657100    640.  0.0000030
 605.5056876   2100.  0.0000018
 605.7270045    380.  0.0000023
 606.3213867    290.  0.0000014
 606.7459680    600.  0.0000110
 607.0700880    920.  0.0000030
 607.4785040    750.  0.0000070
 607.8788182   1300.  0.0000015
 607.9555470   2200.  0.0000030
 608.0104100   1300.  0.0000050
 608.0905703   2100.  0.0000019
 608.7059410   2200.  0.0000040
 608.8947450   1000.  0.0000080
 608.9715785   4700.  0.0000017
 609.9811400    980.  0.0000110
 610.0771580    830.  0.0000090
 610.3414060   2300.  0.0000040
 610.4283836   4800.  0.0000020
 610.6248820   1100.  0.0000050
 610.6272210   1000.  0.0000110
 610.9224300   1600.  0.0000050
 611.4529570   1300.  0.0000050
 611.6231560    820.  0.0000070
 611.6619230    110.  0.0000100
 611.7858950    730.  0.0000040
 612.1159680    540.  0.0000100
 612.1393290    620.  0.0000040
 612.2250600    610.  0.0000090
 612.3101910   1500.  0.0000060
 612.5528050    650.  0.0000030
 612.6175656   1800.  0.0000020
 613.1242510    340.  0.0000060
 613.4754480    370.  0.0000050
 613.9624650    460.  0.0000090
 614.0345400    340.  0.0000110
 614.6458790    290.  0.0000021
 614.6983560    280.  0.0000070
 615.2385230    500.  0.0000030
 615.3695380  10000.  0.0000030
 615.5771350   2000.  0.0000030
 615.6219400    810.  0.0000019
 615.7284431   2000.  0.0000018
 615.8791675   1100.  0.0000016
 616.3058400   1700.  0.0000040
 616.3877400   5200.  0.0000400
 616.6185340   5700.  0.0000012
 617.1529311  18000.  0.0000011
 618.0141043   2800.  0.0000019
 618.2415150   2400.  0.0000030
 618.4332359  38000.  0.0000011
 618.6447720    350.  0.0000090
 618.6501140    830.  0.0000080
 618.9837277   6000.  0.0000017
 619.0857510    320.  0.0000020
 619.3618484   5900.  0.0000013
 619.5570380    570.  0.0000060
 619.9937550   9300.  0.0000013
 620.2148210    370.  0.0000080
 620.5208760  16000.  0.0000012
 620.7577090    630.  0.0000070
 620.8937366   9300.  0.0000012
 620.9467440    360.  0.0000100
 621.0404564    650.  0.0000023
 621.4437850    850.  0.0000016
 622.1732050   1500.  0.0000040
 622.3040320    730.  0.0000060
 622.6249130   7800.  0.0000013
 622.8092157   2300.  0.0000017
 623.4698850    400.  0.0000110
 623.6580041   3100.  0.0000015
 624.2679891   1100.  0.0000018
 624.4667710   1500.  0.0000090
 624.4845110      0.  0.0000180
 624.5088350    310.  0.0000050
 624.6768280    200.  0.0000090
 624.7901570    350.  0.0000090
 625.2214846    320.  0.0000019
 625.9154459   3000.  0.0000020
 626.0337880    550.  0.0000090
 626.2795960   1100.  0.0000060
 626.3150683   8500.  0.0000023
 626.7906790    390.  0.0000100
 627.3278905   1000.  0.0000015
 627.5852000   2000.  0.0000060
 627.7901140    820.  0.0000050
 627.8974680    580.  0.0000080
 628.0903500    790.  0.0000090
 628.1714720    190.  0.0000120
 628.7016370    630.  0.0000080
 628.7783620    200.  0.0000030
 628.8994110    520.  0.0000030
 629.1227400    300.  0.0000150
 629.2931330   1700.  0.0000040
 629.3799930    300.  0.0000050
 629.4631479    680.  0.0000014
 629.4982800   1400.  0.0000030
 630.0644250    250.  0.0000070
 630.2658840   1100.  0.0000030
 630.3155680    490.  0.0000150
 630.4993830   1000.  0.0000060
 630.5985980    320.  0.0000090
 630.7020300    230.  0.0000040
 631.2555420   1200.  0.0000030
 631.4368300    340.  0.0000040
 631.7521176    890.  0.0000021
 631.8929530    460.  0.0000080
 632.0910710    240.  0.0000060
 632.3567492    270.  0.0000015
 632.6146190    240.  0.0000060
 632.8116160   2400.  0.0000030
 632.9027235   6900.  0.0000015
 633.3164490    990.  0.0000080
 633.4263050    210.  0.0000180
 633.7157830   1600.  0.0000090
 633.9372528   1600.  0.0000021
 634.1421307    940.  0.0000018
 634.4613229  15000.  0.0000012
 634.7875480    710.  0.0000050
 635.0492766   2600.  0.0000020
 635.7387120    930.  0.0000024
 635.7668028   2200.  0.0000023
 636.0379440    480.  0.0000160
 636.1432510    490.  0.0000080
 636.4010630    440.  0.0000060
 637.0900050    800.  0.0000100
 637.3705115   3000.  0.0000017
 637.3886650    330.  0.0000030
 637.6588540    350.  0.0000150
 637.8693413   6700.  0.0000020
 638.1436950    440.  0.0000030
 638.3124740    330.  0.0000050
 638.5107360    350.  0.0000140
 638.9161260   2300.  0.0000021
 639.0184100    360.  0.0000060
 639.0579660    780.  0.0000080
 639.1158270    590.  0.0000090
 639.1895650    240.  0.0000080
 639.5817270    510.  0.0000050
 639.8717310    590.  0.0000040
 640.2464853    490.  0.0000018
 640.8216881   2700.  0.0000016
 641.0369800    320.  0.0000090
 641.3671343  11000.  0.0000013
 641.5387220   2700.  0.0000040
 641.7310590    280.  0.0000060
 641.7875220    530.  0.0000120
 642.3882530    470.  0.0000040
 642.6588600    460.  0.0000300
 643.0550460    210.  0.0000040
 643.9540520   1600.  0.0000040
 644.0695280    660.  0.0000030
 644.0852920   8600.  0.0000090
 644.8552660   1100.  0.0000070
 645.1788510    920.  0.0000060
 645.2738240    540.  0.0000070
 645.7049210    230.  0.0000060
 645.9066896  44000.  0.0000013
 646.2260350    250.  0.0000040
 646.2845070    460.  0.0000130
 646.4398950   4200.  0.0000030
 646.4434470   1200.  0.0000070
 646.8144490    220.  0.0000060
 646.8504084    400.  0.0000021
 646.9462090    310.  0.0000040
 647.3001420    430.  0.0000100
 647.6586420    420.  0.0000130
 648.3092830    340.  0.0000080
 648.9273909    380.  0.0000020
 649.0676441    370.  0.0000019
 649.2530549   5200.  0.0000016
 649.4991440   1700.  0.0000030
 649.7050350    290.  0.0000070
 649.9286170    240.  0.0000050
 650.1440280    670.  0.0000100
 650.2454180    250.  0.0000080
 650.3788330    860.  0.0000030
 650.5307910    430.  0.0000060
 650.8784860   1100.  0.0000030
 650.9356060    170.  0.0000230
 651.0848637   1100.  0.0000017
 651.3156300    210.  0.0000100
 651.4163080   3900.  0.0000012
 652.3845120   1000.  0.0000040
 652.4301310    250.  0.0000060
 653.3146106  17000.  0.0000012
 653.9419910    350.  0.0000070
 654.3856820    220.  0.0000110
 654.7527040    600.  0.0000110
 655.1996230    230.  0.0000090
 655.3515380    660.  0.0000060
 655.5970788   6500.  0.0000015
 656.0687016   1100.  0.0000014
 656.1021970    270.  0.0000170
 656.1870120    260.  0.0000100
 656.6257720    610.  0.0000030
 656.6883589    300.  0.0000016
 657.1447030    450.  0.0000130
 657.7938610    520.  0.0000030
 657.9031163   5800.  0.0000012
 657.9473170    650.  0.0000140
 658.1298060    110.  0.0000120
 658.2047210    310.  0.0000050
 658.5724304  32000.  0.0000012
 658.6191220    490.  0.0000030
 658.6431650    800.  0.0000070
 658.7513670    420.  0.0000070
 659.0156991    330.  0.0000018
 659.0359268  26000.  0.0000013
 659.3000199   1100.  0.0000018
 659.3304900  21000.  0.0000013
 659.5283960   1100.  0.0000080
 659.5760278  12000.  0.0000017
 660.1305220   5900.  0.0000100
 660.4586020    320.  0.0000080
 660.5444230    260.  0.0000050
 660.7240730    840.  0.0000060
 661.5199629    650.  0.0000018
 661.5223274    460.  0.0000020
 661.8885340    510.  0.0000100
 661.9342800    340.  0.0000030
 661.9994770    870.  0.0000060
 662.1774050   1200.  0.0000060
 663.5289590    160.  0.0000140
 664.0745260   1800.  0.0000030
 664.8376410    640.  0.0000110
 665.0331480    450.  0.0000090
 665.0794300    500.  0.0000110
 665.6205030    400.  0.0000060
 666.0516050   2400.  0.0000030
 666.4108118  16000.  0.0000013
 666.5536610    400.  0.0000040
 667.0657780    540.  0.0000030
 667.5422520    500.  0.0000050
 667.6539780   3000.  0.0000019
 668.0550499   1500.  0.0000017
 668.5212391   1300.  0.0000020
 668.5894000    320.  0.0000090
 668.9366180    230.  0.0000140
 669.4574110    330.  0.0000080
 669.5854680    320.  0.0000030
 669.6344860    350.  0.0000050
 669.7988490    700.  0.0000030
 669.9561100    970.  0.0000019
 669.9907150    270.  0.0000060
 670.5898100    250.  0.0000070
 671.3104700    840.  0.0000040
 671.5823414   1500.  0.0000019
 671.9239150    800.  0.0000040
 672.1054350   1400.  0.0000030
 672.9315382   4400.  0.0000015
 672.9509380    250.  0.0000180
 672.9975644    700.  0.0000025
 673.0616320    370.  0.0000050
 673.4507630    280.  0.0000060
 673.5607650    830.  0.0000060
 673.6985150    220.  0.0000030
 674.0039998    640.  0.0000023
 674.4745600    480.  0.0000080
 675.3290430    210.  0.0000060
 675.5523391    360.  0.0000014
 675.8317640   9700.  0.0000014
 675.8403350    410.  0.0000100
 675.8974080    610.  0.0000060
 676.0069050    460.  0.0000060
 676.7536570    240.  0.0000100
 676.7585790    230.  0.0000240
 677.1975570    370.  0.0000090
 677.4043550    520.  0.0000090
 677.4967550    260.  0.0000080
 678.0183051   3800.  0.0000019
 678.1996410   3300.  0.0000030
 678.2284388   4300.  0.0000017
 678.9609830   1100.  0.0000050
 679.0713880   1900.  0.0000030
 679.3109362   1800.  0.0000022
 680.0363710    390.  0.0000040
 680.3133820    270.  0.0000140
 681.0979690    500.  0.0000070
 681.1196190    460.  0.0000030
 681.1389120    200.  0.0000030
 681.1557120    160.  0.0000140
 681.2429410    330.  0.0000100
 681.4371780    370.  0.0000150
 681.4655340    290.  0.0000110
 681.7493000    170.  0.0000040
 682.5391430    580.  0.0000040
 682.6560710   2300.  0.0000030
 683.0919821   4400.  0.0000018
 683.1231870    290.  0.0000040
 683.6810538   9800.  0.0000017
 683.6945190    210.  0.0000100
 684.8368090    370.  0.0000150
 685.5414800    420.  0.0000090
 685.6000110    870.  0.0000080
 685.7207030    450.  0.0000100
 686.8260903    860.  0.0000019
 686.8658040    980.  0.0000020
 687.0345960   1100.  0.0000030
 687.1781400    530.  0.0000220
 687.2884300    290.  0.0000080
 687.6649633   2900.  0.0000014
 688.2463650    270.  0.0000150
 688.4709840    490.  0.0000090
 688.5213750    410.  0.0000090
 688.8308120   1400.  0.0000040
 689.1204090    730.  0.0000090
 689.4152430    410.  0.0000160
 690.2666700    290.  0.0000060
 690.4114340    230.  0.0000090
 691.0895480    180.  0.0000040
 691.1755730    730.  0.0000120
 691.3132815  25000.  0.0000013
 691.8036721   1400.  0.0000024
 692.1948460    230.  0.0000060
 693.6142490    460.  0.0000050
 693.6197300    260.  0.0000130
 693.8566470    310.  0.0000050
 694.4453040    710.  0.0000040
 694.5525789  14000.  0.0000017
 694.7406008   1300.  0.0000022
 695.0121770    600.  0.0000040
 695.0311230    240.  0.0000040
 695.4884410    280.  0.0000100
 695.6574546    570.  0.0000020
 696.4232190    250.  0.0000040
 696.4232190    250.  0.0000040
 696.7859240    300.  0.0000100
 697.1220170    180.  0.0000140
 698.3008220    240.  0.0000030
 698.7955840    220.  0.0000060
 699.1582940  31000.  0.0000015
 699.4624820    230.  0.0000150
 699.4965630    860.  0.0000090
 700.1200790    330.  0.0000150
 700.2734348   7800.  0.0000023
 700.4814090    990.  0.0000080
 701.6903460    360.  0.0000080
 701.7251990    390.  0.0000030
 702.0502941   9800.  0.0000014
 702.3219820    430.  0.0000140
 703.4871020    410.  0.0000030
 703.5298630    230.  0.0000060
 703.8223340   1500.  0.0000030
 704.7739980   1100.  0.0000090
 705.5564680    620.  0.0000090
 705.6362840    420.  0.0000050
 706.0435660    670.  0.0000030
 706.1471360    300.  0.0000040
 706.1988040   1600.  0.0000030
 706.2600614   3800.  0.0000021
 706.3341160    440.  0.0000110
 706.6399400   1500.  0.0000040
 706.8234370    200.  0.0000060
 707.3043529    350.  0.0000023
 707.3429420    250.  0.0000040
 707.4343960   1200.  0.0000040
 707.7284420    850.  0.0000090
 707.9320090    120.  0.0000070
 708.6122145  12000.  0.0000020
 709.0778020    240.  0.0000090
 709.1294010    670.  0.0000140
 710.2471970    430.  0.0000100
 710.4548500    160.  0.0000080
 711.1140660    300.  0.0000040
 711.1820023    330.  0.0000016
 711.4880641    220.  0.0000019
 711.6359350    510.  0.0000030
 712.4007560    610.  0.0000120
 712.6524505   8300.  0.0000014
 713.2149700    420.  0.0000040
 713.2689290    630.  0.0000070
 713.3322880    610.  0.0000080
 713.4575982    600.  0.0000025
 714.2430720    250.  0.0000120
 714.4299940    760.  0.0000040
 715.0529330   1800.  0.0000030
 715.2255340   4100.  0.0000022
 715.5559540    710.  0.0000100
 715.6734270    660.  0.0000080
 715.6925799   1200.  0.0000023
 715.8916870    670.  0.0000030
 716.1920720   1000.  0.0000050
 716.9178000    500.  0.0000040
 717.0870975  30000.  0.0000014
 717.5349570   1700.  0.0000040
 717.6110600    300.  0.0000300
 717.8699530    370.  0.0000130
 718.1693920    160.  0.0000090
 719.0513430    330.  0.0000060
 719.3114610   1200.  0.0000100
 720.2029628   2200.  0.0000018
 720.3793850    350.  0.0000040
 720.8469022   1400.  0.0000023
 720.9992755  14000.  0.0000020
 721.4677380   2900.  0.0000040
 721.9745570    500.  0.0000100
 721.9913010    560.  0.0000050
 722.0043400   6500.  0.0000030
 722.1140768   2300.  0.0000020
 722.2970520    220.  0.0000070
 722.7100830    130.  0.0000100
 723.2855110    640.  0.0000060
 724.2180260    270.  0.0000040
 724.4087470   1700.  0.0000050
 724.4351140    280.  0.0000060
 724.4631130    320.  0.0000120
 724.6692940   2200.  0.0000050
 724.8124350    650.  0.0000080
 725.7353300    870.  0.0000040
 725.8985820    530.  0.0000040
 726.0176980    770.  0.0000050
 727.2560546    310.  0.0000022
 728.6910395   4500.  0.0000015
 729.8276020    440.  0.0000030
 730.0154230    410.  0.0000060
 730.7417140    560.  0.0000110
 731.0655200    320.  0.0000040
 731.3529800    430.  0.0000050
 731.7081348    480.  0.0000015
 732.6825250   1100.  0.0000030
 733.0303895   3500.  0.0000023
 733.1510990    480.  0.0000030
 733.7597010    200.  0.0000100
 734.0612540    160.  0.0000100
 734.1625480    340.  0.0000030
 734.3173940   3000.  0.0000030
 734.4322240    220.  0.0000040
 734.4599700    720.  0.0000070
 736.0372190    140.  0.0000090
 736.3375170    310.  0.0000050
 737.8909250   1600.  0.0000040
 738.5745180   1200.  0.0000090
 738.6208920   1400.  0.0000030
 738.7534856  12000.  0.0000015
 739.5474400   1100.  0.0000130
 740.4290967   2000.  0.0000023
 741.3779790    330.  0.0000220
 741.9834005    480.  0.0000023
 742.0593056   1200.  0.0000017
 743.0986402   7900.  0.0000022
 743.2299594   3900.  0.0000020
 744.6799307   1500.  0.0000023
 744.9899830   1200.  0.0000030
 745.1656556    260.  0.0000022
 745.7261140    620.  0.0000050
 746.3929670   3200.  0.0000180
 748.3414580   4600.  0.0000030
 748.5686300   2000.  0.0000016
 749.0035710    750.  0.0000050
 749.1676730    260.  0.0000050
 749.1774260    270.  0.0000090
 750.1067940    300.  0.0000070
 750.7359700    350.  0.0000070
 750.9805790    180.  0.0000050
 750.9991400    440.  0.0000060
 751.0546350    630.  0.0000040
 751.3418360    390.  0.0000140
 751.3858710    830.  0.0000060
 751.8810110    130.  0.0000140
 752.0021230    180.  0.0000080
 752.0852840    360.  0.0000050
 752.5206340    740.  0.0000040
 752.7400170    130.  0.0000100
 752.7579820   1800.  0.0000100
 753.0560370    200.  0.0000130
 753.3217370    430.  0.0000040
 753.3889170    190.  0.0000060
 753.8513900    220.  0.0000130
 755.1392170   3500.  0.0000030
 755.7405850    170.  0.0000100
 755.9830290    170.  0.0000110
 756.7934880    420.  0.0000090
 756.8612820    480.  0.0000170
 756.9681740    660.  0.0000050
 756.9825090   8700.  0.0000030
 757.1595340    730.  0.0000040
 757.1742600    330.  0.0000130
 757.5428740    290.  0.0000030
 758.7782940   4300.  0.0000050
 758.7880198   7900.  0.0000018
 760.0298680   1200.  0.0000100
 760.9917162   1400.  0.0000018
 762.2174810    630.  0.0000090
 762.7804360   1800.  0.0000060
 762.9274196   3200.  0.0000018
 763.2410830   1900.  0.0000050
 763.8276281   1400.  0.0000019
 763.9487790    540.  0.0000040
 764.0883140    620.  0.0000050
 764.9484306  15000.  0.0000023
 765.4426422   1100.  0.0000023
 765.5934970   1700.  0.0000040
 765.6806640    710.  0.0000070
 766.0432343   1500.  0.0000020
 766.2998800    930.  0.0000030
 766.8678080    500.  0.0000090
 767.8332580    370.  0.0000090
 768.0239760   2000.  0.0000030
 768.7422600    740.  0.0000130
 769.3887890    370.  0.0000180
 770.0042270    450.  0.0000100
 770.1898210    400.  0.0000070
 770.5805120    480.  0.0000080
 771.2391022   1600.  0.0000021
 771.6060720    600.  0.0000030
 772.3326860    490.  0.0000060
 773.1078009   1300.  0.0000023
 773.3866090    550.  0.0000140
 774.4693630    710.  0.0000060
 777.4084640    750.  0.0000030
 778.0632550    350.  0.0000030
 778.4458000   1100.  0.0000170
 778.9943250    660.  0.0000130
 779.1077430   7000.  0.0000030
 780.0503570   3300.  0.0000050
 781.0479120    440.  0.0000170
 781.5625900    330.  0.0000040
 781.9921001  13000.  0.0000024
 783.6613440    620.  0.0000130
 783.7777200    350.  0.0000030
 783.8615900    510.  0.0000080
 784.2455150    820.  0.0000040
 784.2614990    610.  0.0000090
 784.3948600   2100.  0.0000030
 784.4423020    610.  0.0000040
 784.9698466  15000.  0.0000018
 784.9961400    740.  0.0000070
 785.0613990   1100.  0.0000040
 786.6185280    490.  0.0000022
 786.8134090   3500.  0.0000040
 787.4797500    900.  0.0000160
 788.8452614   2700.  0.0000019
 790.1796200   1200.  0.0000100
 790.2493470   1700.  0.0000060
 792.3036330    430.  0.0000140
 793.9916990   1500.  0.0000050
 794.3910550   1800.  0.0000050
 795.6780455   1100.  0.0000022
 796.3551790    180.  0.0000070
 796.4173340    300.  0.0000090
 797.4788770   2200.  0.0000030
 797.6352550    700.  0.0000030
 798.1167733  27000.  0.0000019
 798.3421630    280.  0.0000170
 799.0170160   1600.  0.0000040
 799.3563390    430.  0.0000110
 799.4357600    200.  0.0000120
 799.5879387    820.  0.0000025
 799.9169300    120.  0.0000300
 800.0712520    120.  0.0000060
 800.2245490    450.  0.0000080
 800.5656060    310.  0.0000080
 800.7397900    130.  0.0000070
 802.4408000   1300.  0.0000040
 802.4537410    480.  0.0000070
 802.6460080    480.  0.0000070
 802.7934070    550.  0.0000040
 802.8420780    360.  0.0000080
 802.8653880    140.  0.0000050
 803.2408788    900.  0.0000020
 803.4640524   6200.  0.0000021
 805.6750610    150.  0.0000180
 806.4848110   1400.  0.0000090
 806.9045020    800.  0.0000050
 807.0958300     54.  0.0000900
 807.7872960   1200.  0.0000060
 808.7442519   1700.  0.0000021
 809.1710110    370.  0.0000040
 809.4462790    330.  0.0000040
 809.5849505   4400.  0.0000020
 810.7623600   1600.  0.0000300
 812.4581380    340.  0.0000080
 812.4957290   1100.  0.0000090
 813.1640574   1800.  0.0000021
 814.0174150    380.  0.0000040
 814.0636890    490.  0.0000170
 814.0713210   3200.  0.0000030
 814.5377142  12000.  0.0000021
 815.4623040    200.  0.0000160
 815.9786450    540.  0.0000060
 816.1971300   6800.  0.0000030
 816.4302590    180.  0.0000160
 816.5365580    460.  0.0000120
 816.8693210    240.  0.0000190
 817.2032920   3000.  0.0000040
 817.4370420    440.  0.0000060
 818.9162335  12000.  0.0000024
 819.3137640    220.  0.0000070
 819.6647320    420.  0.0000080
 820.4401890    460.  0.0000080
 820.5455930    630.  0.0000140
 820.9735220    520.  0.0000060
 821.1702720    230.  0.0000070
 821.6405560    600.  0.0000060
 821.9485410    540.  0.0000170
 822.2771190    160.  0.0000060
 822.9733940    420.  0.0000050
 823.3670000    880.  0.0000040
 823.6612500    130.  0.0000050
 823.7202220    180.  0.0000050
 825.4662150   4200.  0.0000030
 825.5884540    540.  0.0000030
 825.7011570   1400.  0.0000030
 826.1782560    630.  0.0000030
 826.3285270   1000.  0.0000060
 826.6195800   1000.  0.0000060
 827.7901410   5900.  0.0000030
 829.0692880    350.  0.0000050
 829.4806460    650.  0.0000060
 829.7830050    640.  0.0000060
 829.9457127    620.  0.0000020
 830.6707580    230.  0.0000090
 831.3915500    680.  0.0000130
 832.3142480   9600.  0.0000040
 833.2739033  26000.  0.0000014
 833.7997970    280.  0.0000070
 834.3769810    310.  0.0000110
 835.8366230    280.  0.0000130
 836.1022570   1700.  0.0000040
 836.2790970    190.  0.0000060
 836.8373520   1000.  0.0000060
 836.9693360   1000.  0.0000060
 837.1642040   1400.  0.0000040
 838.1528930    430.  0.0000030
 838.8032670    400.  0.0000040
 838.9410160    400.  0.0000130
 839.0841500    840.  0.0000070
 840.0485790    230.  0.0000130
 840.1566010    440.  0.0000040
 840.4299030    740.  0.0000050
 840.6105850    730.  0.0000170
 840.8988290    380.  0.0000040
 840.9328600    180.  0.0000090
 841.4228770    690.  0.0000090
 841.7698560    170.  0.0000070
 841.9039767  21000.  0.0000014
 842.0311330   3900.  0.0000040
 842.3539424  11000.  0.0000020
 842.6342520    660.  0.0000050
 842.8695990    290.  0.0000060
 843.4810730    110.  0.0000060
 843.8060300    140.  0.0000600
 844.2895840    110.  0.0000050
 844.7528250    310.  0.0000060
 844.7807724   6300.  0.0000024
 844.8832446  16000.  0.0000021
 845.2997160    150.  0.0000140
 845.7252430    140.  0.0000100
 845.8670920    130.  0.0000030
 846.6562380   2300.  0.0000040
 846.7996720    520.  0.0000050
 847.4153800   1100.  0.0000040
 847.4927660    160.  0.0000140
 848.0687351  15000.  0.0000020
 848.0860910   2600.  0.0000030
 848.5632770    140.  0.0000120
 848.8894460    130.  0.0000060
 849.8511820    140.  0.0000100
 849.8670100    390.  0.0000090
 849.8794890    500.  0.0000030
 850.3014980    350.  0.0000150
 850.3776180    280.  0.0000120
 851.2962170   1600.  0.0000050
 851.4248120    210.  0.0000060
 851.8894350   1200.  0.0000080
 852.1672210    690.  0.0000030
 853.3254360    130.  0.0000080
 853.3794510    160.  0.0000040
 853.7024850    150.  0.0000040
 854.2139098   1500.  0.0000022
 854.6069630   1100.  0.0000040
 854.6942930    690.  0.0000120
 855.7294125   2800.  0.0000024
 855.8675460   1300.  0.0000040
 855.8949340    230.  0.0000040
 856.0797590    230.  0.0000040
 856.2786320    160.  0.0000050
 856.6495260    130.  0.0000100
 856.7193260    130.  0.0000230
 857.0562300    280.  0.0000300
 857.5475592   7500.  0.0000021
 857.7686550    260.  0.0000080
 857.9633170   1400.  0.0000050
 859.0803830    140.  0.0000050
 859.4198990    440.  0.0000230
 859.5469190    610.  0.0000060
 860.2118390     95.  0.0000150
 861.8588530    700.  0.0000100
 862.3691065    330.  0.0000023
 863.1512410    110.  0.0000120
 863.3727390    160.  0.0000120
 863.8113680    220.  0.0000230
 864.0735050    660.  0.0000060
 864.1814780   1500.  0.0000030
 864.7683430    910.  0.0000100
 865.0770160    120.  0.0000100
 865.1524720    320.  0.0000050
 865.8253570    750.  0.0000050
 866.7865456   6700.  0.0000021
 866.9826400    150.  0.0000090
 867.0496990    760.  0.0000040
 868.4602680    120.  0.0000070
 868.8478470    170.  0.0000160
 869.0234120    590.  0.0000030
 869.3721060    160.  0.0000090
