By-hand ord posns at x=500,1250,2000,2750,3750 for iord=0,66, ifib=0,1, 20 December 2017 cptnrs03-fl13-20171215-0018-a00.fits.fz
nfib 2 0 1
iord  500    1250    2000    2750   3750
  0   131     72       53    70     144
  0   113     55       35    51     126
 10   486    428      404   416     489
 10   467    406      384   399     471
 20   896    834      808   818     886
 20   877    814      788   798     867
 30  1381   1314     1284  1290    1355
 30  1360   1294     1265  1271    1335
 40  1961   1886     1850  1852    1912
 40  1939   1866     1829  1830    1890
 50  2657   2578     2535  2529    2578
 50  2635   2555     2512  2506    2556
 60  3502   3411     3359  3343    3380
 60  3478   3388     3335  3320    3357
 66  4094   3996     3936  3914    3941
 66  4068   3971     3911  3889    3915
