Orders fit with Mirek Brandt's and Tim Brandt's echelle_orders.py for iord=0,66, ifib=0,1, 20. Fitted on 2018-8-6 on filecptnrs03-fl13-20180726-0010-w00.fits.fz
nfib 2 0 1
iord 41.0 138.0 236.0 334.0 432.0 530.0 628.0 726.0 824.0 922.0 1020.0 1118.0 1216.0 1314.0 1411.0 1509.0 1607.0 1705.0 1803.0 1901.0 1999.0 2097.0 2195.0 2293.0 2391.0 2489.0 2587.0 2685.0 2782.0 2880.0 2978.0 3076.0 3174.0 3272.0 3370.0 3468.0 3566.0 3664.0 3762.0 3860.0 3958.0 4056.0
0 196.44 183.95 171.99 160.7 150.07 140.08 130.74 122.04 113.97 106.52 99.71 93.51 87.93 82.96 78.65 74.9 71.75 69.2 67.26 65.92 65.18 65.05 65.51 66.57 68.24 70.51 73.39 76.87 80.92 85.61 90.93 96.86 103.41 110.6 118.41 126.86 135.95 145.69 156.08 167.13 178.85 191.24
0 179.1 166.56 154.57 143.25 132.59 122.59 113.25 104.54 96.48 89.04 82.23 76.05 70.48 65.52 61.22 57.48 54.33 51.8 49.86 48.52 47.78 47.64 48.1 49.15 50.81 53.07 55.93 59.39 63.42 68.1 73.39 79.31 85.85 93.01 100.81 109.25 118.34 128.07999999999998 138.48 149.55 161.29 173.72
1 230.14 217.63 205.65 194.34 183.68 173.67 164.31 155.58 147.49 140.03 133.19 126.97 121.37 116.38 112.04 108.26 105.09 102.53 100.56 99.2 98.44 98.28 98.72 99.77 101.41 103.66 106.51 109.97 114.0 118.67 123.96 129.87 136.4 143.55 151.34 159.76 168.82 178.53 188.89 199.91 211.6 223.95
1 212.67 200.12 188.12 176.79 166.12 156.1 146.74 138.02 129.93 122.48 115.65 109.44 103.85 98.87 94.55 90.78 87.62 85.05 83.09 81.73 80.97 80.8 81.24 82.27 83.9 86.13 88.97 92.41 96.42 101.08 106.35 112.24 118.75 125.89 133.67 142.08 151.15 160.86 171.23 182.28 193.99 206.39
2 264.16 251.59 239.56 228.21 217.51 207.48 198.09 189.35 181.25 173.77 166.92 160.7 155.09 150.09 145.75 141.97 138.79 136.21 134.23 132.85 132.07 131.89 132.31 133.33 134.94 137.16 139.98 143.41 147.39 152.03 157.28 163.15 169.65 176.77 184.52 192.92 201.95 211.64 221.99 233.0 244.69 257.06
2 246.58 234.02 221.99 210.64 199.96 189.92 180.54 171.8 163.7 156.22 149.37 143.14 137.53 132.53 128.18 124.38 121.2 118.61 116.62 115.23 114.44 114.25 114.66 115.66 117.26 119.47 122.28 125.69 129.67 134.3 139.55 145.41 151.9 159.02 166.78 175.18 184.23 193.93 204.3 215.33 227.05 239.45
3 298.51 285.94 273.9 262.54 251.84 241.79 232.38 223.62 215.49 207.99 201.11 194.85 189.21 184.19 179.81 176.0 172.78 170.18 168.17 166.76 165.95 165.74 166.13 167.12 168.71 170.9 173.7 177.1 181.06 185.68 190.91 196.76 203.23 210.33 218.07 226.44 235.45 245.12 255.44 266.43 278.08 290.42
3 280.9 268.33 256.3 244.94 234.23 224.18 214.76 205.99 197.85 190.34 183.46 177.19 171.54 166.5 162.12 158.29 155.07 152.45 150.43 149.02 148.2 147.99 148.37 149.36 150.95 153.14 155.94 159.34 163.31 167.92 173.16 179.01 185.49 192.59 200.33 208.7 217.72 227.39 237.71 248.7 260.35 272.69
4 333.3 320.69 308.63 297.23 286.49 276.41 266.98 258.18 250.03 242.5 235.59 229.31 223.65 218.59 214.19 210.35 207.12 204.48 202.45 201.02 200.18 199.95 200.31 201.28 202.84 205.01 207.78 211.16 215.1 219.69 224.9 230.72 237.17 244.25 251.95 260.3 269.29 278.93 289.23 300.19 311.83 324.14
4 315.67 303.04 290.96 279.55 268.8 258.71 249.28 240.48 232.32 224.8 217.9 211.62 205.96 200.91 196.51 192.67 189.44 186.81 184.77 183.34 182.5 182.27 182.63 183.59 185.14 187.3 190.07 193.43 197.36 201.94 207.14 212.95 219.39 226.46 234.16 242.5 251.49 261.13 271.43 282.4 294.05 306.38
5 368.5 355.86 343.77 332.35 321.59 311.48 302.02 293.2 285.02 277.46 270.54 264.23 258.54 253.47 249.04 245.18 241.92 239.26 237.2 235.75 234.89 234.63 234.97 235.91 237.44 239.58 242.33 245.68 249.59 254.15 259.33 265.12 271.54 278.59 286.27 294.58 303.54 313.15 323.42 334.35 345.96 358.24
5 350.81 338.17 326.07 314.65 303.88 293.77 284.31 275.48 267.3 259.74 252.81 246.5 240.8 235.72 231.29 227.42 224.16 221.49 219.43 217.96 217.1 216.83 217.17 218.1 219.63 221.76 224.5 227.85 231.76 236.31 241.49 247.28 253.69 260.74 268.41 276.73 285.69 295.3 305.58 316.52 328.13 340.42
6 404.1 391.45 379.35 367.91 357.13 347.0 337.51 328.67 320.46 312.87 305.92 299.58 293.86 288.75 284.29 280.4 277.1 274.41 272.32 270.84 269.95 269.66 269.97 270.88 272.39 274.51 277.23 280.55 284.44 288.98 294.13 299.91 306.3 313.33 320.98 329.27 338.21 347.79 358.04 368.94 380.51 392.77
6 386.43 373.75 361.61 350.14 339.34 329.2 319.7 310.85 302.64 295.05 288.09 281.76 276.04 270.93 266.48 262.59 259.3 256.61 254.52 253.03 252.15 251.85 252.16 253.07 254.57 256.68 259.39 262.71 266.59 271.12 276.26 282.02 288.41 295.43 303.08 311.36 320.3 329.89 340.13 351.05 362.64 374.91
7 440.23 427.56 415.43 403.96 393.15 383.0 373.48 364.61 356.37 348.76 341.77 335.41 329.66 324.52 320.03 316.11 312.78 310.06 307.95 306.43 305.51 305.19 305.48 306.36 307.84 309.93 312.62 315.91 319.78 324.29 329.41 335.16 341.52 348.52 356.14 364.41 373.31 382.86 393.07 403.94 415.48 427.7
7 422.49 409.8 397.64 386.16 375.33 365.17 355.64 346.76 338.52 330.9 323.91 317.54 311.79 306.65 302.16 298.24 294.91 292.19 290.07 288.55 287.64 287.32 287.59 288.47 289.95 292.03 294.72 298.01 301.87 306.37 311.49 317.23 323.59 330.58 338.21 346.47 355.37 364.93 375.14 386.01 397.56 409.79
8 476.91 464.2 452.03 440.52 429.67 419.47 409.92 401.01 392.74 385.09 378.07 371.67 365.89 360.72 356.2 352.25 348.89 346.15 344.0 342.46 341.51 341.17 341.42 342.28 343.74 345.8 348.47 351.74 355.57 360.06 365.16 370.88 377.21 384.18 391.78 400.01 408.88 418.4 428.58 439.41 450.92 463.09
8 459.07 446.34 434.14 422.62 411.77 401.56 392.01 383.1 374.82 367.18 360.16 353.76 347.98 342.81 338.3 334.35 331.0 328.25 326.11 324.56 323.61 323.27 323.52 324.37 325.82 327.87 330.53 333.79 337.62 342.09 347.18 352.89 359.22 366.18 373.77 382.0 390.87 400.39 410.58 421.42 432.94 445.14
9 514.06 501.33 489.13 477.6 466.73 456.5 446.92 437.98 429.67 421.99 414.94 408.5 402.69 397.48 392.93 388.94 385.56 382.78 380.6 379.02 378.05 377.67 377.9 378.72 380.15 382.18 384.82 388.06 391.87 396.33 401.4 407.09 413.4 420.33 427.9 436.1 444.94 454.43 464.57 475.37 486.83 498.96
9 496.19 483.44 471.23 459.68 448.79 438.56 428.97 420.02 411.71 404.03 396.97 390.53 384.71 379.51 374.96 370.97 367.58 364.8 362.61 361.03 360.05 359.67 359.89 360.71 362.14 364.16 366.79 370.02 373.83 378.27 383.34 389.02 395.33 402.26 409.82 418.02 426.87 436.36 446.51 457.31 468.79 480.95
10 551.77 539.01 526.78 515.21 504.3 494.04 484.43 475.45 467.11 459.39 452.31 445.84 439.99 434.75 430.17 426.15 422.73 419.92 417.71 416.1 415.09 414.68 414.88 415.68 417.07 419.08 421.68 424.9 428.68 433.1 438.14 443.8 450.08 456.99 464.53 472.7 481.51 490.97 501.07 511.84 523.27 535.37
10 533.84 521.04 508.79 497.21 486.29 476.02 466.4 457.42 449.08 441.36 434.28 427.81 421.97 416.73 412.15 408.13 404.72 401.9 399.69 398.08 397.08 396.67 396.86 397.65 399.04 401.03 403.63 406.83 410.6 415.02 420.05 425.7 431.97 438.87 446.41 454.57 463.39 472.85 482.96 493.74 505.19 517.32
11 590.05 577.26 565.0 553.4 542.46 532.16 522.51 513.5 505.12 497.38 490.25 483.75 477.86 472.59 467.97 463.91 460.46 457.61 455.37 453.73 452.69 452.25 452.41 453.18 454.55 456.52 459.09 462.28 466.03 470.42 475.44 481.06 487.31 494.19 501.69 509.83 518.61 528.02 538.09 548.82 560.21 572.26
11 572.05 559.24 546.97 535.35 524.4 514.1 504.44 495.42 487.04 479.29 472.16 465.65 459.76 454.49 449.87 445.81 442.35 439.5 437.25 435.61 434.56 434.12 434.28 435.04 436.4 438.37 440.94 444.12 447.86 452.25 457.26 462.88 469.13 476.0 483.5 491.64 500.42 509.84 519.91 530.65 542.05 554.12
12 628.91 616.09 603.8 592.17 581.19 570.86 561.18 552.13 543.71 535.92 528.76 522.22 516.29 510.98 506.33 502.23 498.74 495.86 493.58 491.9 490.83 490.36 490.49 491.22 492.56 494.5 497.04 500.19 503.91 508.28 513.26 518.86 525.08 531.92 539.4 547.5 556.24 565.63 575.66 586.35 597.7 609.71
12 610.85 598.01 585.69 574.05 563.06 552.72 543.02 533.97 525.55 517.76 510.59 504.05 498.13 492.82 488.16 484.07 480.58 477.69 475.41 473.74 472.66 472.18 472.31 473.04 474.37 476.31 478.85 481.99 485.71 490.07 495.04 500.63 506.85 513.69 521.16 529.26 538.0 547.39 557.43 568.13 579.49 591.52
13 668.41 655.55 643.22 631.55 620.53 610.16 600.44 591.35 582.9 575.07 567.87 561.29 555.33 549.98 545.29 541.16 537.64 534.72 532.4 530.69 529.58 529.07 529.17 529.86 531.16 533.07 535.58 538.69 542.38 546.71 551.65 557.22 563.4 570.21 577.65 585.71 594.42 603.77 613.77 624.42 635.73 647.71
13 650.24 637.37 625.03 613.35 602.32 591.95 582.22 573.13 564.67 556.84 549.64 543.05 537.09 531.74 527.05 522.91 519.38 516.46 514.14 512.4300000000001 511.31 510.8 510.9 511.59 512.89 514.79 517.29 520.41 524.09 528.42 533.36 538.93 545.11 551.92 559.35 567.43 576.14 585.49 595.5 606.16 617.48 629.47
14 708.49 695.6 683.24 671.54 660.49 650.09 640.32 631.2 622.7 614.84 607.59 600.97 594.97 589.58 584.85 580.67 577.11 574.15 571.79 570.04 568.9 568.35 568.41 569.08 570.34 572.21 574.69 577.78 581.43 585.73 590.65 596.18 602.33 609.11 616.52 624.55 633.23 642.54 652.5 663.11 674.38 686.31
14 690.27 677.37 665.0 653.28 642.23 631.81 622.04 612.91 604.41 596.54 589.3 582.67 576.66 571.27 566.54 562.36 558.79 555.83 553.48 551.72 550.57 550.03 550.08 550.74 552.01 553.88 556.35 559.43 563.08 567.38 572.3 577.83 583.98 590.75 598.16 606.19 614.86 624.18 634.14 644.76 656.03 667.97
15 749.27 736.34 723.93 712.19 701.09 690.64 680.84 671.67 663.13 655.22 647.94 641.28 635.23 629.81 625.03 620.82 617.22 614.22 611.83 610.04 608.86 608.28 608.3 608.93 610.16 612.0 614.44 617.49 621.11 625.38 630.26 635.75 641.87 648.61 655.98 663.98 672.61 681.88 691.8 702.37 713.59 725.48
15 730.95 718.01 705.6 693.85 682.75 672.3 662.48 653.31 644.77 636.86 629.57 622.9 616.86 611.42 606.65 602.43 598.83 595.83 593.43 591.64 590.45 589.87 589.89 590.52 591.74 593.58 596.02 599.07 602.69 606.95 611.83 617.33 623.45 630.19 637.56 645.56 654.2 663.48 673.4 683.98 695.22 707.11
16 790.67 777.71 765.27 753.48 742.35 731.86 722.02 712.8 704.22 696.27 688.95 682.24 676.15 670.68 665.86 661.61 657.96 654.92 652.49 650.66 649.44 648.82 648.81 649.4 650.59 652.39 654.8 657.82 661.4 665.64 670.48 675.95 682.03 688.73 696.07 704.03 712.62 721.86 731.73 742.26 753.43 765.27
16 772.29 759.31 746.86 735.07 723.93 713.44 703.58 694.37 685.79 677.83 670.5 663.8 657.71 652.23 647.42 643.16 639.51 636.47 634.04 632.21 630.98 630.36 630.35 630.93 632.12 633.92 636.33 639.34 642.92 647.15 651.99 657.45 663.53 670.24 677.57 685.53 694.13 703.37 713.25 723.79 734.98 746.83
17 832.8 819.79 807.3 795.47 784.29 773.76 763.87 754.61 745.99 737.99 730.62 723.87 717.74 712.23 707.37 703.08 699.39 696.31 693.84 691.97 690.71 690.05 690.0 690.55 691.7 693.47 695.83 698.81 702.36 706.55 711.36 716.78 722.83 729.49 736.79 744.71 753.27 762.46 772.3 782.79 793.93 805.73
17 814.31 801.31 788.82 776.99 765.81 755.28 745.38 736.12 727.5 719.5 712.12 705.37 699.24 693.72 688.86 684.56 680.86 677.78 675.3 673.43 672.17 671.5 671.45 672.0 673.15 674.91 677.28 680.26 683.8 688.0 692.81 698.23 704.28 710.95 718.24 726.17 734.73 743.93 753.78 764.27 775.41 787.22
18 875.61 862.56 850.04 838.17 826.94 816.37 806.43 797.13 788.46 780.42 773.0 766.21 760.03 754.47 749.58 745.24 741.5 738.38 735.86 733.95 732.65 731.95 731.85 732.36 733.48 735.2 737.53 740.47 743.98 748.13 752.9 758.29 764.29 770.92 778.17 786.05 794.57 803.72 813.52 823.96 835.06 846.81
18 857.07 844.02 831.49 819.61 808.38 797.8 787.86 778.55 769.88 761.83 754.41 747.62 741.44 735.87 730.97 726.63 722.89 719.77 717.25 715.34 714.03 713.33 713.23 713.74 714.85 716.58 718.9 721.84 725.35 729.51 734.28 739.66 745.67 752.3 759.56 767.44 775.96 785.12 794.92 805.37 816.47 828.23
19 919.1 906.01 893.44 881.52 870.25 859.63 849.65 840.31 831.6 823.51 816.05 809.21 803.0 797.39 792.45 788.07 784.29 781.13 778.57 776.62 775.27 774.53 774.4 774.87 775.94 777.62 779.91 782.81 786.28 790.39 795.12 800.47 806.43 813.02 820.23 828.07 836.55 845.66 855.42 865.82 876.88 888.59
19 900.5 887.41 874.84 862.92 851.65 841.02 831.04 821.69 812.97 804.88 797.41 790.57 784.34 778.73 773.79 769.4 765.62 762.45 759.89 757.93 756.58 755.84 755.7 756.17 757.24 758.92 761.21 764.11 767.58 771.7 776.43 781.78 787.75 794.34 801.56 809.41 817.89 827.0 836.76 847.17 858.22 869.93
20 963.4 950.26 937.63 925.67 914.35 903.68 893.65 884.26 875.5 867.36 859.86 852.97 846.7 841.05 836.07 831.64 827.82 824.61 822.0 820.01 818.62 817.83 817.65 818.08 819.11 820.75 822.99 825.85 829.28 833.35 838.04 843.34 849.26 855.81 862.98 870.78 879.21 888.28 898.0 908.35 919.36 931.03
20 944.7 931.56 918.94 906.97 895.66 884.99 874.95 865.56 856.79 848.66 841.14 834.26 827.98 822.33 817.34 812.9 809.08 805.86 803.26 801.26 799.86 799.07 798.89 799.32 800.35 801.98 804.23 807.08 810.51 814.58 819.27 824.58 830.5 837.05 844.22 852.03 860.47 869.54 879.26 889.62 900.64 912.31
21 1008.4 995.2 982.53 970.52 959.15 948.43 938.36 928.91 920.11 911.93 904.37 897.44 891.13 885.44 880.41 875.93 872.07 868.81 866.16 864.12 862.69 861.86 861.63 862.01 863.0 864.6 866.8 869.61 872.99 877.02 881.66 886.92 892.8 899.3 906.43 914.19 922.58 931.61 941.28 951.6 962.57 974.19
21 989.65 976.46 963.79 951.77 940.4 929.68 919.6 910.15 901.34 893.16 885.6 878.66 872.34 866.64 861.6 857.12 853.25 849.99 847.34 845.29 843.85 843.02 842.79 843.17 844.16 845.76 847.96 850.77 854.16 858.19 862.83 868.1 873.98 880.49 887.62 895.38 903.78 912.81 922.49 932.81 943.78 955.41
22 1054.24 1040.99 1028.26 1016.19 1004.77 994.0 983.86 974.37 965.51 957.28 949.68 942.7 936.33 930.59 925.51 920.99 917.07 913.77 911.07 908.99 907.5 906.63 906.36 906.69 907.63 909.18 911.34 914.1 917.44 921.42 926.02 931.24 937.07 943.53 950.61 958.33 966.67 975.66 985.29 995.56 1006.49 1018.07
22 1035.41 1022.16 1009.43 997.35 985.93 975.15 965.02 955.52 946.66 938.42 930.82 923.83 917.46 911.72 906.63 902.1 898.19 894.88 892.18 890.09 888.61 887.73 887.46 887.79 888.73 890.28 892.44 895.21 898.55 902.53 907.13 912.35 918.19 924.65 931.73 939.45 947.8 956.79 966.42 976.7 987.63 999.22
23 1100.85 1087.54 1074.76 1062.63 1051.16 1040.33 1030.15 1020.6 1011.69 1003.41 995.75 988.72 982.31 976.52 971.39 966.82 962.85 959.5 956.76 954.62 953.09 952.17 951.85 952.14 953.03 954.53 956.64 959.36 962.65 966.59 971.14 976.31 982.09 988.51 995.55 1003.22 1011.52 1020.46 1030.05 1040.28 1051.16 1062.71
23 1081.93 1068.63 1055.84 1043.72 1032.24 1021.41 1011.23 1001.68 992.76 984.48 976.82 969.78 963.37 957.57 952.43 947.86 943.89 940.54 937.79 935.65 934.12 933.19 932.87 933.16 934.05 935.55 937.67 940.39 943.68 947.62 952.17 957.34 963.14 969.55 976.59 984.26 992.57 1001.51 1011.1 1021.33 1032.22 1043.76
24 1148.25 1134.89 1122.05 1109.87 1098.34 1087.46 1077.22 1067.62 1058.66 1050.33 1042.62 1035.54 1029.08 1023.24 1018.06 1013.44 1009.43 1006.02 1003.23 1001.05 999.46 998.49 998.12 998.36 999.2 1000.65 1002.71 1005.38 1008.63 1012.51 1017.02 1022.14 1027.88 1034.24 1041.24 1048.86 1057.12 1066.02 1075.56 1085.75 1096.59 1108.1
24 1129.25 1115.89 1103.06 1090.88 1079.35 1068.47 1058.23 1048.63 1039.66 1031.32 1023.61 1016.53 1010.06 1004.21 999.03 994.4 990.39 986.98 984.18 982.0 980.41 979.44 979.07 979.31 980.15 981.61 983.67 986.34 989.59 993.48 997.98 1003.11 1008.85 1015.22 1022.22 1029.85 1038.11 1047.01 1056.55 1066.74 1077.58 1089.08
25 1196.51 1183.08 1170.18 1157.94 1146.35 1135.41 1125.12 1115.47 1106.45 1098.06 1090.3 1083.17 1076.66 1070.76 1065.53 1060.86 1056.8 1053.35 1050.5 1048.27 1046.64 1045.61 1045.19 1045.38 1046.17 1047.57 1049.58 1052.2 1055.4 1059.23 1063.69 1068.76 1074.45 1080.77 1087.71 1095.29 1103.5 1112.36 1121.86 1132.01 1142.81 1154.28
25 1177.44 1164.02 1151.12 1138.88 1127.29 1116.35 1106.06 1096.4 1087.38 1078.98 1071.22 1064.07 1057.55 1051.65 1046.42 1041.74 1037.67 1034.21 1031.36 1029.12 1027.49 1026.47 1026.05 1026.24 1027.03 1028.44 1030.45 1033.07 1036.27 1040.12 1044.58 1049.65 1055.35 1061.67 1068.62 1076.2 1084.42 1093.27 1102.77 1112.91 1123.71 1135.17
26 1245.67 1232.17 1219.2 1206.89 1195.23 1184.23 1173.88 1164.16 1155.09 1146.64 1138.83 1131.64 1125.07 1119.12 1113.84 1109.12 1105.0 1101.5 1098.6 1096.31 1094.63 1093.55 1093.08 1093.22 1093.96 1095.31 1097.26 1099.83 1102.97 1106.76 1111.16 1116.18 1121.82 1128.08 1134.98 1142.51 1150.67 1159.48 1168.93 1179.04 1189.8 1201.23
26 1226.47 1212.99 1200.03 1187.73 1176.08 1165.08 1154.73 1145.01 1135.93 1127.49 1119.67 1112.47 1105.89 1099.94 1094.65 1089.92 1085.8 1082.29 1079.39 1077.1 1075.41 1074.33 1073.86 1074.0 1074.74 1076.1 1078.06 1080.63 1083.78 1087.57 1091.98 1097.0 1102.65 1108.92 1115.82 1123.36 1131.52 1140.33 1149.78 1159.88 1170.64 1182.05
27 1295.6 1282.05 1269.02 1256.66 1244.95 1233.89 1223.48 1213.71 1204.58 1196.08 1188.21 1180.96 1174.34 1168.33 1162.99 1158.21 1154.04 1150.48 1147.53 1145.18 1143.44 1142.31 1141.79 1141.87 1142.56 1143.86 1145.76 1148.28 1151.37 1155.11 1159.46 1164.43 1170.03 1176.25 1183.09 1190.57 1198.69 1207.45 1216.85 1226.91 1237.62 1248.99
27 1276.35 1262.8 1249.78 1237.42 1225.71 1214.66 1204.24 1194.47 1185.34 1176.83 1168.95 1161.7 1155.07 1149.06 1143.72 1138.93 1134.76 1131.19 1128.24 1125.89 1124.15 1123.02 1122.5 1122.58 1123.27 1124.57 1126.48 1129.0 1132.1 1135.84 1140.19 1145.17 1150.77 1156.99 1163.84 1171.33 1179.45 1188.21 1197.61 1207.67 1218.38 1229.75
28 1346.49 1332.86 1319.77 1307.33 1295.56 1284.44 1273.96 1264.13 1254.94 1246.38 1238.45 1231.14 1224.46 1218.4 1213.01 1208.17 1203.94 1200.32 1197.32 1194.92 1193.13 1191.94 1191.36 1191.39 1192.02 1193.26 1195.12 1197.58 1200.62 1204.3 1208.6 1213.51 1219.05 1225.22 1232.02 1239.45 1247.51 1256.22 1265.58 1275.59 1286.26 1297.59
28 1327.13 1313.52 1300.43 1288.01 1276.24 1265.12 1254.64 1244.81 1235.62 1227.05 1219.12 1211.81 1205.12 1199.05 1193.65 1188.81 1184.58 1180.96 1177.95 1175.55 1173.75 1172.57 1171.99 1172.02 1172.65 1173.9 1175.75 1178.22 1181.26 1184.95 1189.25 1194.17 1199.72 1205.89 1212.69 1220.12 1228.19 1236.9 1246.26 1256.27 1266.93 1278.26
29 1398.26 1384.58 1371.42 1358.92 1347.09 1335.9 1325.37 1315.47 1306.22 1297.59 1289.6 1282.24 1275.49 1269.37 1263.91 1259.02 1254.73 1251.06 1247.99 1245.53 1243.68 1242.44 1241.8 1241.77 1242.35 1243.54 1245.33 1247.74 1250.72 1254.35 1258.6 1263.46 1268.95 1275.06 1281.81 1289.18 1297.2 1305.86 1315.17 1325.13 1335.75 1347.03
29 1378.81 1365.13 1351.98 1339.49 1327.66 1316.48 1305.94 1296.05 1286.79 1278.17 1270.17 1262.8 1256.06 1249.93 1244.47 1239.57 1235.28 1231.61 1228.54 1226.08 1224.23 1222.98 1222.35 1222.32 1222.9 1224.09 1225.89 1228.29 1231.28 1234.91 1239.16 1244.03 1249.52 1255.64 1262.39 1269.77 1277.79 1286.45 1295.76 1305.72 1316.34 1327.62
30 1450.97 1437.21 1423.98 1411.42 1399.51 1388.26 1377.66 1367.7 1358.38 1349.7 1341.65 1334.22 1327.41 1321.23 1315.72 1310.76 1306.42 1302.68 1299.56 1297.04 1295.14 1293.83 1293.14 1293.05 1293.57 1294.7 1296.44 1298.79 1301.72 1305.29 1309.48 1314.29 1319.72 1325.78 1332.47 1339.79 1347.76 1356.36 1365.62 1375.53 1386.1 1397.34
30 1431.45 1417.71 1404.48 1391.92 1380.02 1368.77 1358.17 1348.21 1338.88 1330.19 1322.14 1314.7 1307.89 1301.71 1296.19 1291.23 1286.88 1283.14 1280.01 1277.49 1275.58 1274.28 1273.59 1273.5 1274.03 1275.16 1276.9 1279.25 1282.19 1285.76 1289.96 1294.77 1300.21 1306.27 1312.97 1320.3 1328.27 1336.88 1346.14 1356.05 1366.62 1377.85
31 1504.55 1490.74 1477.46 1464.84 1452.88 1441.57 1430.9 1420.88 1411.5 1402.75 1394.63 1387.14 1380.27 1374.02 1368.45 1363.43 1359.02 1355.22 1352.03 1349.45 1347.49 1346.12 1345.37 1345.22 1345.69 1346.76 1348.44 1350.74 1353.61 1357.13 1361.26 1366.02 1371.4 1377.4 1384.04 1391.31 1399.22 1407.77 1416.97 1426.82 1437.33 1448.51
31 1484.97 1471.16 1457.88 1445.26 1433.29 1421.98 1411.32 1401.29 1391.91 1383.16 1375.04 1367.54 1360.67 1354.42 1348.84 1343.81 1339.4 1335.6 1332.41 1329.84 1327.87 1326.5 1325.75 1325.6 1326.07 1327.14 1328.82 1331.12 1334.0 1337.52 1341.65 1346.41 1351.79 1357.8 1364.44 1371.71 1379.62 1388.18 1397.38 1407.23 1417.75 1428.92
32 1559.1 1545.23 1531.89 1519.21 1507.18 1495.81 1485.09 1475.0 1465.56 1456.75 1448.57 1441.01 1434.08 1427.77 1422.13 1417.04 1412.57 1408.71 1405.46 1402.82 1400.78 1399.36 1398.55 1398.34 1398.74 1399.75 1401.37 1403.61 1406.42 1409.88 1413.95 1418.65 1423.97 1429.92 1436.49 1443.71 1451.56 1460.05 1469.19 1478.99 1489.44 1500.56
32 1539.35 1525.51 1512.19 1499.52 1487.51 1476.14 1465.42 1455.34 1445.89 1437.08 1428.89 1421.33 1414.39 1408.08 1402.43 1397.34 1392.86 1388.99 1385.74 1383.1 1381.06 1379.64 1378.82 1378.61 1379.02 1380.03 1381.66 1383.9 1386.72 1390.18 1394.27 1398.97 1404.3 1410.25 1416.84 1424.06 1431.91 1440.41 1449.55 1459.35 1469.8 1480.91
33 1614.66 1600.73 1587.32 1574.57 1562.48 1551.04 1540.25 1530.1 1520.59 1511.71 1503.46 1495.84 1488.84 1482.46 1476.76 1471.6 1467.07 1463.14 1459.82 1457.12 1455.02 1453.53 1452.65 1452.38 1452.72 1453.67 1455.23 1457.4 1460.16 1463.55 1467.57 1472.21 1477.47 1483.35 1489.87 1497.03 1504.82 1513.26 1522.35 1532.09 1542.48 1553.55
33 1594.79 1580.89 1567.51 1554.78 1542.71 1531.28 1520.49 1510.35 1500.84 1491.96 1483.71 1476.08 1469.08 1462.7 1456.99 1451.83 1447.29 1443.35 1440.04 1437.33 1435.23 1433.74 1432.86 1432.59 1432.93 1433.88 1435.44 1437.62 1440.38 1443.79 1447.81 1452.45 1457.72 1463.62 1470.14 1477.31 1485.1 1493.55 1502.63 1512.37 1522.77 1533.82
34 1671.29 1657.29 1643.8 1630.98 1618.81 1607.3 1596.43 1586.21 1576.63 1567.68 1559.36 1551.67 1544.6 1538.16 1532.38 1527.16 1522.56 1518.57 1515.18 1512.41 1510.25 1508.7 1507.75 1507.42 1507.69 1508.57 1510.07 1512.18 1514.87 1518.2 1522.15 1526.73 1531.93 1537.76 1544.21 1551.31 1559.04 1567.42 1576.45 1586.14 1596.48 1607.49
34 1651.34 1637.36 1623.9 1611.1 1598.95 1587.44 1576.59 1566.37 1556.79 1547.83 1539.51 1531.82 1524.75 1518.29 1512.52 1507.29 1502.68 1498.68 1495.3 1492.52 1490.36 1488.8 1487.86 1487.53 1487.8 1488.69 1490.19 1492.3 1495.0 1498.34 1502.3 1506.89 1512.09 1517.93 1524.39 1531.49 1539.23 1547.61 1556.64 1566.32 1576.66 1587.65
35 1728.98 1714.89 1701.33 1688.42 1676.18 1664.59 1653.65 1643.35 1633.69 1624.67 1616.28 1608.52 1601.38 1594.86 1589.02 1583.73 1579.05 1574.99 1571.54 1568.7 1566.47 1564.85 1563.83 1563.43 1563.64 1564.45 1565.88 1567.93 1570.55 1573.82 1577.71 1582.22 1587.36 1593.12 1599.52 1606.55 1614.23 1622.55 1631.52 1641.15 1651.44 1662.39
35 1708.95 1694.89 1681.35 1668.46 1656.23 1644.65 1633.71 1623.42 1613.76 1604.73 1596.34 1588.57 1581.42 1574.9 1569.05 1563.75 1559.07 1555.0 1551.55 1548.7 1546.47 1544.85 1543.84 1543.44 1543.65 1544.47 1545.91 1547.96 1550.59 1553.87 1557.77 1562.29 1567.43 1573.21 1579.61 1586.65 1594.33 1602.65 1611.63 1621.25 1631.53 1642.47
36 1787.7 1773.54 1759.89 1746.92 1734.6 1722.93 1711.91 1701.54 1691.8 1682.71 1674.24 1666.4 1659.18 1652.59 1646.68 1641.31 1636.57 1632.43 1628.91 1626.0 1623.7 1622.0 1620.92 1620.45 1620.59 1621.34 1622.7 1624.68 1627.24 1630.45 1634.27 1638.72 1643.79 1649.49 1655.83 1662.8 1670.41 1678.67 1687.58 1697.14 1707.37 1718.27
36 1767.56 1753.42 1739.8 1726.84 1714.53 1702.87 1691.86 1681.49 1671.76 1662.66 1654.19 1646.34 1639.13 1632.53 1626.61 1621.24 1616.49 1612.35 1608.83 1605.91 1603.61 1601.92 1600.84 1600.37 1600.52 1601.27 1602.64 1604.62 1607.2 1610.41 1614.24 1618.7 1623.78 1629.49 1635.83 1642.8 1650.42 1658.68 1667.58 1677.14 1687.35 1698.23
37 1847.51 1833.26 1819.54 1806.48 1794.07 1782.33 1771.23 1760.78 1750.97 1741.79 1733.25 1725.33 1718.04 1711.37 1705.38 1699.94 1695.12 1690.91 1687.32 1684.34 1681.96 1680.2 1679.05 1678.51 1678.58 1679.26 1680.55 1682.46 1684.95 1688.09 1691.85 1696.23 1701.23 1706.87 1713.14 1720.05 1727.59 1735.79 1744.63 1754.13 1764.29 1775.12
37 1827.29 1813.07 1799.36 1786.31 1773.92 1762.18 1751.09 1740.64 1730.83 1721.65 1713.1 1705.18 1697.89 1691.21 1685.22 1679.78 1674.95 1670.74 1667.14 1664.16 1661.79 1660.02 1658.87 1658.34 1658.41 1659.09 1660.39 1662.31 1664.81 1667.96 1671.72 1676.11 1681.12 1686.77 1693.04 1699.95 1707.51 1715.7 1724.55 1734.04 1744.2 1755.02
38 1908.34 1894.02 1880.22 1867.09 1854.61 1842.79 1831.62 1821.09 1811.21 1801.95 1793.33 1785.34 1777.97 1771.23 1765.16 1759.65 1754.75 1750.47 1746.8 1743.74 1741.29 1739.45 1738.23 1737.61 1737.61 1738.22 1739.44 1741.27 1743.7 1746.77 1750.45 1754.76 1759.7 1765.27 1771.47 1778.31 1785.8 1793.92 1802.71 1812.14 1822.24 1833.01
38 1887.98 1873.69 1859.93 1846.81 1834.36 1822.55 1811.39 1800.86 1790.98 1781.72 1773.1 1765.11 1757.73 1750.98 1744.91 1739.39 1734.49 1730.2 1726.53 1723.47 1721.02 1719.18 1717.96 1717.34 1717.34 1717.96 1719.18 1721.03 1723.46 1726.54 1730.23 1734.55 1739.5 1745.08 1751.29 1758.14 1765.62 1773.76 1782.54 1791.97 1802.06 1812.82
39 1970.37 1955.97 1942.09 1928.88 1916.32 1904.42 1893.16 1882.55 1872.58 1863.24 1854.54 1846.47 1839.02 1832.19 1826.05 1820.45 1815.48 1811.12 1807.37 1804.23 1801.71 1799.79 1798.49 1797.8 1797.72 1798.26 1799.41 1801.17 1803.53 1806.52 1810.14 1814.38 1819.25 1824.75 1830.88 1837.65 1845.07 1853.12 1861.84 1871.2 1881.23 1891.93
39 1949.92 1935.55 1921.7 1908.5 1895.96 1884.07 1872.82 1862.22 1852.25 1842.91 1834.2 1826.13 1818.67 1811.84 1805.69 1800.09 1795.11 1790.74 1786.99 1783.85 1781.33 1779.42 1778.12 1777.43 1777.36 1777.9 1779.05 1780.83 1783.19 1786.19 1789.82 1794.07 1798.95 1804.46 1810.6 1817.37 1824.79 1832.85 1841.56 1850.92 1860.94 1871.62
40 2033.47 2019.0 2005.04 1991.75 1979.11 1967.13 1955.8 1945.11 1935.06 1925.64 1916.86 1908.71 1901.18 1894.28 1888.05 1882.38 1877.32 1872.88 1869.05 1865.84 1863.23 1861.24 1859.86 1859.09 1858.94 1859.4 1860.47 1862.16 1864.43 1867.35 1870.9 1875.06 1879.86 1885.28 1891.34 1898.05 1905.39 1913.38 1922.02 1931.32 1941.29 1951.92
40 2012.89 1998.46 1984.54 1971.27 1958.66 1946.69 1935.37 1924.68 1914.63 1905.22 1896.43 1888.27 1880.74 1873.83 1867.59 1861.91 1856.85 1852.4 1848.57 1845.35 1842.75 1840.76 1839.38 1838.62 1838.47 1838.93 1840.02 1841.71 1844.01 1846.94 1850.49 1854.67 1859.48 1864.92 1870.99 1877.69 1885.04 1893.03 1901.67 1910.96 1920.91 1931.52
41 2097.81 2083.26 2069.22 2055.85 2043.13 2031.07 2019.65 2008.87 1998.74 1989.24 1980.37 1972.13 1964.51 1957.52 1951.21 1945.45 1940.31 1935.78 1931.87 1928.57 1925.88 1923.81 1922.35 1921.5 1921.26 1921.64 1922.64 1924.25 1926.46 1929.3 1932.77 1936.87 1941.59 1946.95 1952.94 1959.56 1966.84 1974.76 1983.33 1992.55 2002.44 2013.0
41 2077.11 2062.6 2048.6 2035.25 2022.55 2010.5 1999.09 1988.32 1978.19 1968.69 1959.82 1951.57 1943.95 1936.96 1930.64 1924.88 1919.73 1915.2 1911.29 1907.99 1905.3 1903.23 1901.77 1900.93 1900.7 1901.08 1902.09 1903.71 1905.92 1908.78 1912.26 1916.36 1921.1 1926.46 1932.46 1939.09 1946.37 1954.29 1962.85 1972.07 1981.95 1992.49
42 2163.43 2148.78 2134.65 2121.17 2108.36 2096.19 2084.68 2073.81 2063.58 2053.99 2045.03 2036.7 2029.0 2021.92 2015.52 2009.68 2004.45 1999.84 1995.84 1992.46 1989.69 1987.54 1986.0 1985.07 1984.75 1985.05 1985.97 1987.5 1989.63 1992.4 1995.79 1999.81 2004.45 2009.73 2015.64 2022.2 2029.39 2037.24 2045.73 2054.89 2064.7 2075.19
42 2142.61 2128.0 2113.89 2100.45 2087.65 2075.51 2064.0 2053.14 2042.92 2033.33 2024.37 2016.04 2008.33 2001.25 1994.85 1989.0 1983.77 1979.15 1975.16 1971.77 1969.0 1966.85 1965.31 1964.38 1964.07 1964.38 1965.3 1966.84 1968.98 1971.75 1975.16 1979.18 1983.84 1989.13 1995.05 2001.62 2008.82 2016.67 2025.18 2034.33 2044.15 2054.63
43 2230.21 2215.47 2201.25 2187.69 2174.78 2162.53 2150.93 2139.97 2129.65 2119.96 2110.91 2102.49 2094.7 2087.53 2081.04 2075.11 2069.79 2065.09 2061.01 2057.54 2054.68 2052.44 2050.81 2049.8 2049.4 2049.62 2050.45 2051.9 2053.95 2056.64 2059.95 2063.88 2068.45 2073.65 2079.48 2085.96 2093.08 2100.85 2109.26 2118.34 2128.08 2138.49
43 2209.28 2194.58 2180.39 2166.85 2153.97 2141.73 2130.14 2119.18 2108.87 2099.19 2090.13 2081.71 2073.91 2066.74 2060.25 2054.32 2049.0 2044.29 2040.21 2036.74 2033.88 2031.64 2030.02 2029.01 2028.62 2028.84 2029.68 2031.14 2033.2 2035.89 2039.22 2043.16 2047.74 2052.95 2058.8 2065.28 2072.4 2080.18 2088.6 2097.67 2107.4 2117.8
44 2298.32 2283.47 2269.14 2255.48 2242.47 2230.12 2218.42 2207.36 2196.94 2187.16 2178.02 2169.5 2161.62 2154.36 2147.78 2141.76 2136.35 2131.56 2127.39 2123.83 2120.89 2118.56 2116.85 2115.75 2115.26 2115.39 2116.14 2117.51 2119.47 2122.08 2125.3 2129.16 2133.64 2138.76 2144.52 2150.92 2157.96 2165.65 2173.99 2182.99 2192.66 2202.99
44 2277.28 2262.48 2248.19 2234.55 2221.56 2209.23 2197.53 2186.48 2176.07 2166.29 2157.14 2148.62 2140.73 2133.47 2126.89 2120.86 2115.44 2110.65 2106.48 2102.92 2099.97 2097.64 2095.93 2094.84 2094.36 2094.5 2095.25 2096.63 2098.6 2101.22 2104.46 2108.33 2112.82 2117.95 2123.72 2130.12 2137.16 2144.86 2153.2 2162.19 2171.85 2182.17
45 2367.52 2352.6 2338.19 2324.45 2311.36 2298.92 2287.13 2275.99 2265.48 2255.62 2246.38 2237.77 2229.8 2222.44 2215.77 2209.66 2204.16 2199.28 2195.01 2191.36 2188.33 2185.91 2184.1 2182.91 2182.34 2182.38 2183.04 2184.32 2186.19 2188.71 2191.85 2195.62 2200.02 2205.06 2210.73 2217.04 2224.0 2231.61 2239.87 2248.79 2258.38 2268.63
45 2346.34 2331.47 2317.11 2303.4 2290.33 2277.92 2266.14 2255.0 2244.5 2234.64 2225.4 2216.79 2208.81 2201.45 2194.77 2188.65 2183.14 2178.26 2173.99 2170.34 2167.3 2164.88 2163.08 2161.9 2161.33 2161.38 2162.05 2163.34 2165.23 2167.76 2170.91 2174.7 2179.11 2184.16 2189.84 2196.16 2203.12 2210.73 2218.99 2227.9 2237.46 2247.69
46 2438.19 2423.17 2408.66 2394.82 2381.63 2369.09 2357.2 2345.96 2335.35 2325.38 2316.05 2307.34 2299.27 2291.81 2285.05 2278.83 2273.24 2268.26 2263.9 2260.15 2257.03 2254.51 2252.61 2251.33 2250.66 2250.62 2251.19 2252.38 2254.17 2256.59 2259.65 2263.33 2267.65 2272.6 2278.18 2284.41 2291.29 2298.81 2306.99 2315.83 2325.33 2335.5
46 2416.9 2401.93 2387.47 2373.65 2360.49 2347.97 2336.1 2324.86 2314.26 2304.29 2294.95 2286.25 2278.16 2270.7 2263.93 2257.71 2252.11 2247.13 2242.76 2239.02 2235.89 2233.37 2231.48 2230.2 2229.54 2229.5 2230.08 2231.28 2233.08 2235.53 2238.6 2242.29 2246.62 2251.58 2257.18 2263.42 2270.3 2277.83 2286.01 2294.84 2304.33 2314.48
47 2510.01 2494.94 2480.36 2466.44 2453.17 2440.54 2428.57 2417.23 2406.53 2396.46 2387.03 2378.22 2370.04 2362.49 2355.63 2349.31 2343.61 2338.53 2334.07 2330.23 2327.0 2324.39 2322.4 2321.03 2320.27 2320.13 2320.61 2321.71 2323.41 2325.76 2328.73 2332.32 2336.55 2341.42 2346.92 2353.06 2359.85 2367.28 2375.37 2384.11 2393.51 2403.58
47 2488.61 2473.57 2459.03 2445.14 2431.9 2419.29 2407.33 2396.0 2385.31 2375.25 2365.81 2357.01 2348.82 2341.27 2334.4 2328.08 2322.37 2317.29 2312.83 2308.98 2305.76 2303.15 2301.15 2299.78 2299.03 2298.89 2299.38 2300.49 2302.2 2304.55 2307.53 2311.14 2315.38 2320.25 2325.76 2331.91 2338.7 2346.14 2354.23 2362.97 2372.37 2382.42
48 2583.3 2568.13 2553.46 2539.44 2526.08 2513.36 2501.28 2489.85 2479.05 2468.89 2459.35 2450.45 2442.17 2434.51 2427.55 2421.13 2415.33 2410.16 2405.59 2401.65 2398.32 2395.61 2393.52 2392.05 2391.19 2390.95 2391.33 2392.34 2393.95 2396.19 2399.07 2402.57 2406.7 2411.48 2416.88 2422.94 2429.63 2436.98 2444.97 2453.63 2462.95 2472.93
48 2561.74 2546.63 2532.01 2518.04 2504.71 2492.01 2479.95 2468.53 2457.74 2447.57 2438.03 2429.12 2420.84 2413.17 2406.2 2399.78 2393.97 2388.79 2384.22 2380.27 2376.95 2374.24 2372.15 2370.68 2369.83 2369.6 2370.0 2371.02 2372.64 2374.9 2377.79 2381.31 2385.46 2390.25 2395.67 2401.72 2408.42 2415.77 2423.76 2432.4 2441.69 2451.64
49 2658.09 2642.83 2628.06 2613.94 2600.47 2587.64 2575.46 2563.91 2553.0 2542.73 2533.08 2524.06 2515.67 2507.91 2500.83 2494.31 2488.4 2483.11 2478.44 2474.4 2470.97 2468.15 2465.96 2464.39 2463.43 2463.1 2463.39 2464.3 2465.81 2467.97 2470.75 2474.16 2478.2 2482.88 2488.2 2494.15 2500.75 2507.99 2515.89 2524.44 2533.65 2543.52
49 2636.44 2621.22 2606.49 2592.41 2578.96 2566.16 2553.99 2542.45 2531.55 2521.27 2511.63 2502.61 2494.21 2486.44 2479.36 2472.83 2466.92 2461.63 2456.96 2452.91 2449.48 2446.68 2444.49 2442.92 2441.97 2441.65 2441.94 2442.86 2444.39 2446.56 2449.35 2452.78 2456.83 2461.52 2466.84 2472.8 2479.4 2486.65 2494.54 2503.08 2512.27 2522.11
50 2734.19 2718.84 2703.99 2689.78 2676.21 2663.29 2651.01 2639.36 2628.34 2617.96 2608.2 2599.08 2590.58 2582.7 2575.52 2568.88 2562.87 2557.47 2552.69 2548.54 2545.0 2542.09 2539.79 2538.11 2537.05 2536.62 2536.81 2537.62 2539.03 2541.09 2543.77 2547.09 2551.03 2555.61 2560.83 2566.69 2573.18 2580.33 2588.12 2596.56 2605.66 2615.42
50 2712.41 2697.12 2682.3 2668.13 2654.59 2641.69 2629.42 2617.78 2606.77 2596.39 2586.63 2577.5 2569.0 2561.12 2553.93 2547.29 2541.27 2535.87 2531.1 2526.94 2523.4 2520.49 2518.19 2516.52 2515.47 2515.04 2515.24 2516.06 2517.49 2519.56 2522.26 2525.58 2529.54 2534.13 2539.36 2545.22 2551.72 2558.87 2566.66 2575.09 2584.18 2593.91
51 2811.93 2796.46 2781.48 2767.15 2753.46 2740.42 2728.02 2716.25 2705.12 2694.63 2684.76 2675.52 2666.91 2658.92 2651.63 2644.88 2638.76 2633.25 2628.37 2624.1 2620.46 2617.43 2615.03 2613.24 2612.08 2611.53 2611.61 2612.32 2613.63 2615.58 2618.15 2621.36 2625.2 2629.68 2634.79 2640.55 2646.95 2653.99 2661.69 2670.03 2679.04 2688.71
51 2790.0 2774.6 2759.67 2745.38 2731.72 2718.71 2706.32 2694.56 2683.44 2672.94 2663.07 2653.82 2645.21 2637.21 2629.91 2623.16 2617.03 2611.52 2606.63 2602.36 2598.72 2595.7 2593.3 2591.52 2590.37 2589.84 2589.93 2590.65 2591.98 2593.95 2596.54 2599.77 2603.62 2608.11 2613.23 2618.99 2625.39 2632.42 2640.1 2648.43 2657.4 2667.02
52 2890.82 2875.28 2860.23 2845.83 2832.06 2818.93 2806.44 2794.58 2783.35 2772.75 2762.78 2753.43 2744.71 2736.62 2729.21 2722.35 2716.11 2710.5 2705.5 2701.12 2697.36 2694.22 2691.7 2689.81 2688.53 2687.88 2687.85 2688.45 2689.65 2691.5 2693.97 2697.07 2700.81 2705.18 2710.2 2715.85 2722.15 2729.09 2736.68 2744.93 2753.83 2763.39
52 2868.76 2853.3 2838.31 2823.95 2810.22 2797.12 2784.64 2772.79 2761.57 2750.97 2740.99 2731.64 2722.91 2714.8 2707.39 2700.52 2694.27 2688.64 2683.64 2679.26 2675.5 2672.36 2669.85 2667.96 2666.69 2666.05 2666.04 2666.65 2667.87 2669.73 2672.22 2675.35 2679.1 2683.49 2688.51 2694.17 2700.47 2707.4 2714.98 2723.2 2732.07 2741.58
53 2971.34 2955.74 2940.62 2926.13 2912.27 2899.05 2886.45 2874.48 2863.14 2852.43 2842.34 2832.87 2824.03 2815.81 2808.29 2801.31 2794.95 2789.21 2784.09 2779.59 2775.71 2772.46 2769.82 2767.81 2766.43 2765.66 2765.53 2766.01 2767.12 2768.85 2771.22 2774.22 2777.85 2782.12 2787.02 2792.57 2798.75 2805.58 2813.05 2821.17 2829.95 2839.37
53 2949.13 2933.6 2918.53 2904.09 2890.26 2877.06 2864.49 2852.53 2841.2 2830.49 2820.4 2810.93 2802.09 2793.86 2786.33 2779.35 2772.98 2767.24 2762.11 2757.62 2753.74 2750.49 2747.86 2745.86 2744.48 2743.73 2743.6 2744.1 2745.22 2746.97 2749.35 2752.37 2756.01 2760.29 2765.21 2770.76 2776.95 2783.77 2791.24 2799.34 2808.09 2817.49
54 3053.36 3037.69 3022.49 3007.92 2993.97 2980.65 2967.95 2955.88 2944.43 2933.61 2923.41 2913.83 2904.87 2896.53 2888.89 2881.79 2875.31 2869.45 2864.21 2859.59 2855.6 2852.23 2849.47 2847.35 2845.84 2844.97 2844.71 2845.09 2846.08 2847.7 2849.96 2852.84 2856.36 2860.52 2865.31 2870.74 2876.8 2883.52 2890.87 2898.87 2907.52 2916.82
54 3031.03 3015.45 3000.32 2985.8 2971.89 2958.6 2945.92 2933.86 2922.42 2911.59 2901.39 2891.8 2882.83 2874.48 2866.83 2859.71 2853.22 2847.35 2842.1 2837.48 2833.48 2830.11 2827.36 2825.24 2823.75 2822.88 2822.64 2823.03 2824.04 2825.68 2827.96 2830.86 2834.4 2838.57 2843.37 2848.81 2854.88 2861.59 2868.93 2876.91 2885.52 2894.78
55 3137.04 3121.32 3106.05 3091.4 3077.36 3063.94 3051.14 3038.96 3027.39 3016.44 3006.12 2996.41 2987.32 2978.85 2971.07 2963.84 2957.23 2951.24 2945.87 2941.12 2937.0 2933.5 2930.63 2928.38 2926.76 2925.77 2925.4 2925.66 2926.54 2928.06 2930.21 2932.98 2936.39 2940.44 2945.12 2950.43 2956.38 2962.96 2970.19 2978.05 2986.55 2995.7
55 3114.59 3098.93 3083.72 3069.11 3055.11 3041.72 3028.94 3016.77 3005.21 2994.26 2983.94 2974.22 2965.13 2956.65 2948.87 2941.63 2935.01 2929.02 2923.64 2918.9 2914.77 2911.28 2908.41 2906.17 2904.56 2903.57 2903.22 2903.49 2904.39 2905.92 2908.08 2910.87 2914.29 2918.35 2923.03 2928.35 2934.3 2940.88 2948.1 2955.94 2964.42 2973.53
56 3222.47 3206.66 3191.3 3176.55 3162.4 3148.87 3135.95 3123.64 3111.95 3100.88 3090.42 3080.58 3071.36 3062.76 3054.85 3047.48 3040.74 3034.62 3029.12 3024.24 3019.99 3016.37 3013.37 3011.0 3009.26 3008.14 3007.66 3007.8 3008.56 3009.96 3011.99 3014.65 3017.94 3021.86 3026.41 3031.6 3037.42 3043.88 3050.96 3058.68 3067.04 3076.03
56 3199.92 3184.17 3168.86 3154.14 3140.03 3126.52 3113.62 3101.32 3089.63 3078.56 3068.1 3058.26 3049.03 3040.42 3032.51 3025.14 3018.39 3012.26 3006.76 3001.89 2997.64 2994.02 2991.02 2988.66 2986.92 2985.82 2985.34 2985.49 2986.27 2987.68 2989.72 2992.38 2995.68 2999.61 3004.17 3009.36 3015.18 3021.62 3028.69 3036.39 3044.71 3053.65
57 3309.52 3293.62 3278.15 3263.28 3249.03 3235.38 3222.35 3209.92 3198.11 3186.91 3176.33 3166.36 3157.02 3148.28 3140.25 3132.76 3125.88 3119.63 3114.0 3108.99 3104.61 3100.86 3097.73 3095.23 3093.36 3092.12 3091.5 3091.52 3092.15 3093.42 3095.32 3097.86 3101.02 3104.82 3109.25 3114.31 3120.01 3126.34 3133.3 3140.9 3149.14 3158.0
57 3286.79 3270.98 3255.58 3240.78 3226.56 3212.95 3199.94 3187.53 3175.72 3164.52 3153.93 3143.96 3134.6 3125.86 3117.81 3110.3 3103.42 3097.15 3091.51 3086.5 3082.12 3078.36 3075.24 3072.74 3070.88 3069.65 3069.05 3069.08 3069.73 3071.02 3072.94 3075.49 3078.67 3082.49 3086.93 3092.0 3097.7 3104.02 3110.97 3118.55 3126.74 3135.56
58 3398.42 3382.42 3366.84 3351.87 3337.5 3323.73 3310.56 3298.0 3286.06 3274.72 3264.0 3253.89 3244.4 3235.53 3227.35 3219.71 3212.7 3206.3 3200.53 3195.39 3190.87 3186.99 3183.72 3181.09 3179.09 3177.72 3176.97 3176.86 3177.37 3178.51 3180.29 3182.69 3185.73 3189.39 3193.69 3198.61 3204.17 3210.35 3217.16 3224.6 3232.66 3241.35
58 3375.55 3359.64 3344.14 3329.22 3314.89 3301.15 3288.0 3275.46 3263.52 3252.18 3241.45 3231.34 3221.83 3212.95 3204.76 3197.11 3190.09 3183.69 3177.91 3172.77 3168.25 3164.36 3161.11 3158.49 3156.49 3155.14 3154.41 3154.32 3154.85 3156.01 3157.8 3160.23 3163.28 3166.96 3171.27 3176.2 3181.75 3187.92 3194.71 3202.12 3210.14 3218.77
59 3488.8 3472.74 3457.1 3442.05 3427.58 3413.71 3400.44 3387.77 3375.71 3364.24 3353.39 3343.15 3333.52 3324.51 3316.2 3308.42 3301.26 3294.72 3288.81 3283.52 3278.86 3274.83 3271.42 3268.65 3266.5 3264.99 3264.11 3263.86 3264.24 3265.24 3266.88 3269.15 3272.05 3275.59 3279.75 3284.54 3289.96 3296.0 3302.67 3309.97 3317.89 3326.43
59 3465.8 3449.84 3434.27 3419.27 3404.85 3391.01 3377.76 3365.1 3353.04 3341.57 3330.72 3320.46 3310.83 3301.8 3293.48 3285.68 3278.51 3271.97 3266.05 3260.76 3256.1 3252.07 3248.68 3245.91 3243.78 3242.29 3241.43 3241.2 3241.6 3242.63 3244.29 3246.58 3249.5 3253.05 3257.22 3262.01 3267.42 3273.45 3280.1 3287.35 3295.21 3303.68
60 3581.05 3564.94 3549.23 3534.09 3519.53 3505.55 3492.16 3479.36 3467.16 3455.56 3444.56 3434.17 3424.39 3415.23 3406.77 3398.83 3391.52 3384.84 3378.77 3373.34 3368.54 3364.36 3360.82 3357.91 3355.63 3353.98 3352.97 3352.59 3352.83 3353.71 3355.21 3357.35 3360.11 3363.51 3367.52 3372.16 3377.42 3383.3 3389.79 3396.89 3404.61 3412.92
60 3557.93 3541.9 3526.26 3511.17 3496.65 3482.7 3469.33 3456.54 3444.35 3432.75 3421.75 3411.35 3401.56 3392.39 3383.92 3375.97 3368.66 3361.96 3355.9 3350.46 3345.66 3341.49 3337.95 3335.05 3332.78 3331.15 3330.16 3329.79 3330.06 3330.95 3332.48 3334.64 3337.42 3340.82 3344.84 3349.48 3354.74 3360.6 3367.07 3374.14 3381.8 3390.05
61 3674.68 3658.58 3642.86 3627.69 3613.08 3599.04 3585.56 3572.67 3560.36 3548.65 3537.52 3527.0 3517.09 3507.78 3499.17 3491.09 3483.62 3476.78 3470.57 3464.98 3460.02 3455.69 3452.0 3448.94 3446.51 3444.72 3443.56 3443.04 3443.14 3443.87 3445.24 3447.23 3449.85 3453.1 3456.96 3461.45 3466.55 3472.26 3478.58 3485.51 3493.03 3501.14
61 3651.43 3635.42 3619.77 3604.65 3590.08 3576.06 3562.61 3549.73 3537.42 3525.7 3514.58 3504.05 3494.12 3484.8 3476.18 3468.09 3460.61 3453.77 3447.55 3441.96 3437.0 3432.68 3428.99 3425.94 3423.52 3421.74 3420.6 3420.09 3420.22 3420.97 3422.35 3424.36 3427.0 3430.26 3434.13 3438.61 3443.7 3449.4 3455.69 3462.57 3470.04 3478.08
62 3770.13 3754.08 3738.38 3723.19 3708.55 3694.44 3680.89 3667.9 3655.48 3643.64 3632.39 3621.72 3611.65 3602.19 3593.43 3585.18 3577.56 3570.55 3564.17 3558.43 3553.31 3548.83 3544.98 3541.76 3539.19 3537.25 3535.94 3535.28 3535.24 3535.83 3537.05 3538.9 3541.37 3544.45 3548.16 3552.47 3557.39 3562.91 3569.02 3575.72 3583.0 3590.85
62 3746.79 3730.82 3715.18 3700.05 3685.44 3671.37 3657.83 3644.85 3632.43 3620.59 3609.33 3598.65 3588.57 3579.1 3570.32 3562.07 3554.43 3547.42 3541.04 3535.29 3530.17 3525.69 3521.85 3518.65 3516.09 3514.16 3512.87 3512.22 3512.2 3512.81 3514.05 3515.91 3518.39 3521.49 3525.2 3529.5 3534.41 3539.9 3545.98 3552.62 3559.83 3567.6
63 3867.73 3851.67 3835.93 3820.69 3805.97 3791.78 3778.13 3765.02 3752.48 3740.51 3729.11 3718.31 3708.09 3698.47 3689.55 3681.15 3673.36 3666.2 3659.66 3653.75 3648.47 3643.83 3639.82 3636.45 3633.72 3631.62 3630.16 3629.34 3629.15 3629.59 3630.65 3632.34 3634.65 3637.57 3641.11 3645.25 3649.99 3655.32 3661.23 3667.72 3674.78 3682.39
63 3844.25 3828.26 3812.58 3797.39 3782.71 3768.55 3754.91 3741.82 3729.28 3717.31 3705.91 3695.09 3684.87 3675.24 3666.31 3657.9 3650.1 3642.93 3636.39 3630.48 3625.2 3620.56 3616.56 3613.2 3610.49 3608.41 3606.96 3606.16 3605.99 3606.45 3607.53 3609.24 3611.56 3614.5 3618.05 3622.19 3626.92 3632.24 3638.13 3644.58 3651.59 3659.14
64 3967.5 3951.39 3935.58 3920.26 3905.45 3891.15 3877.38 3864.14 3851.47 3839.35 3827.8 3816.84 3806.46 3796.68 3787.6 3779.03 3771.07 3763.74 3757.04 3750.96 3745.52 3740.71 3736.54 3733.01 3730.12 3727.86 3726.25 3725.27 3724.92 3725.2 3726.11 3727.64 3729.8 3732.56 3735.93 3739.9 3744.47 3749.62 3755.34 3761.63 3768.48 3775.87
64 3943.99 3927.94 3912.19 3896.91 3882.12 3867.84 3854.08 3840.86 3828.17 3816.05 3804.5 3793.52 3783.13 3773.34 3764.25 3755.67 3747.7 3740.36 3733.65 3727.57 3722.13 3717.33 3713.16 3709.64 3706.76 3704.51 3702.91 3701.95 3701.62 3701.91 3702.84 3704.38 3706.54 3709.31 3712.68 3716.65 3721.2 3726.33 3732.02 3738.27 3745.05 3752.37
65 4069.03 4052.89 4037.03 4021.65 4006.76 3992.37 3978.5 3965.16 3952.36 3940.11 3928.43 3917.32 3906.79 3896.86 3887.62 3878.88 3870.77 3863.27 3856.39 3850.15 3844.54 3839.56 3835.22 3831.52 3828.45 3826.03 3824.24 3823.1 3822.59 3822.7 3823.44 3824.8 3826.78 3829.38 3832.58 3836.37 3840.76 3845.73 3851.28 3857.38 3864.03 3871.23
65 4045.4 4029.32 4013.51 3998.17 3983.3 3968.93 3955.07 3941.73 3928.94 3916.69 3905.0 3893.88 3883.35 3873.4 3864.16 3855.42 3847.29 3839.79 3832.91 3826.66 3821.05 3816.07 3811.74 3808.04 3804.99 3802.58 3800.8 3799.67 3799.17 3799.3 3800.05 3801.43 3803.42 3806.02 3809.23 3813.03 3817.41 3822.37 3827.89 3833.97 3840.59 3847.73
66 4171.86 4155.83 4140.04 4124.7 4109.81 4095.4 4081.48 4068.07 4055.18 4042.83 4031.03 4019.79 4009.12 3999.03 3989.63 3980.74 3972.45 3964.78 3957.73 3951.31 3945.52 3940.37 3935.85 3931.97 3928.73 3926.14 3924.18 3922.86 3922.17 3922.11 3922.67 3923.86 3925.66 3928.06 3931.06 3934.66 3938.83 3943.58 3948.88 3954.73 3961.11 3968.01
66 4148.19 4132.19 4116.43 4101.1 4086.23 4071.83 4057.92 4044.51 4031.62 4019.27 4007.47 3996.22 3985.55 3975.46 3966.06 3957.16 3948.87 3941.2 3934.15 3927.72 3921.94 3916.78 3912.27 3908.4 3905.17 3902.57 3900.62 3899.31 3898.63 3898.58 3899.15 3900.34 3902.14 3904.55 3907.56 3911.15 3915.32 3920.06 3925.35 3931.19 3937.55 3944.42