Orders fit with Mirek Brandt's and Tim Brandt's echelle_orders.py for iord=0,66, ifib=0,1, 20. Fit on 2018-11-13 on file cptnrs03-fa13-20181113-0016-w00.fits.fz
nfib 2 0 1
iord 41.0 138.0 236.0 334.0 432.0 530.0 628.0 726.0 824.0 922.0 1020.0 1118.0 1216.0 1314.0 1411.0 1509.0 1607.0 1705.0 1803.0 1901.0 1999.0 2097.0 2195.0 2293.0 2391.0 2489.0 2587.0 2685.0 2782.0 2880.0 2978.0 3076.0 3174.0 3272.0 3370.0 3468.0 3566.0 3664.0 3762.0 3860.0 3958.0 4056.0
0 196.48 184.0 172.05 160.76 150.12 140.14 130.8 122.09 114.02 106.58 99.76 93.56 87.97 83.0 78.68 74.92 71.77 69.22 67.28 65.93 65.19 65.05 65.51 66.57 68.23 70.5 73.38 76.86 80.91 85.61 90.93 96.86 103.42 110.61 118.43 126.89 135.99 145.74 156.14 167.21 178.94 191.35
0 179.15 166.61 154.62 143.3 132.64 122.65 113.3 104.6 96.53 89.09 82.29 76.1 70.53 65.57 61.27 57.52 54.38 51.84 49.9 48.56 47.82 47.68 48.14 49.19 50.85 53.1 55.96 59.43 63.46 68.13 73.43 79.34 85.88 93.04 100.84 109.28 118.37 128.11 138.51 149.58 161.32 173.75
1 230.18 217.67 205.7 194.38 183.73 173.72 164.35 155.62 147.53 140.06 133.22 127.0 121.4 116.4 112.07 108.29 105.11 102.55 100.58 99.22 98.46 98.3 98.74 99.78 101.43 103.68 106.53 110.0 114.02 118.7 123.99 129.9 136.43 143.59 151.38 159.8 168.87 178.58 188.94 199.96 211.64 224.0
1 212.71 200.16 188.16 176.82 166.16 156.14 146.78 138.05 129.97 122.51 115.68 109.47 103.88 98.9 94.58 90.81 87.64 85.08 83.12 81.76 81.0 80.83 81.27 82.3 83.93 86.17 89.01 92.45 96.46 101.11 106.38 112.28 118.79 125.93 133.71 142.13 151.19 160.9 171.27 182.31 194.03 206.43
2 264.23 251.65 239.62 228.26 217.57 207.53 198.14 189.4 181.29 173.81 166.96 160.73 155.12 150.12 145.78 141.99 138.81 136.23 134.25 132.87 132.09 131.91 132.33 133.35 134.96 137.18 140.0 143.42 147.41 152.05 157.3 163.17 169.67 176.79 184.55 192.94 201.98 211.67 222.02 233.03 244.72 257.09
2 246.62 234.06 222.04 210.7 200.01 189.98 180.6 171.86 163.75 156.27 149.42 143.19 137.57 132.57 128.20999999999998 124.42 121.23 118.64 116.65 115.26 114.46 114.27 114.68 115.68 117.28 119.49 122.3 125.72 129.7 134.33 139.58 145.45 151.94 159.07 166.83 175.23 184.28 193.98 204.35 215.38 227.1 239.5
3 298.54 285.98 273.95 262.59 251.88 241.83 232.42 223.66 215.52 208.02 201.14 194.88 189.24 184.21 179.83 176.01 172.8 170.19 168.18 166.77 165.96 165.75 166.14 167.13 168.72 170.92 173.72 177.12 181.09 185.71 190.94 196.79 203.27 210.37 218.1 226.48 235.49 245.16 255.48 266.46 278.12 290.45
3 280.95 268.38 256.36 244.99 234.28 224.22 214.81 206.03 197.89 190.38 183.49 177.22 171.56 166.52 162.13 158.31 155.08 152.46 150.45 149.03 148.22 148.0 148.39 149.38 150.97 153.16 155.96 159.37 163.34 167.96 173.19 179.05 185.53 192.63 200.37 208.75 217.76 227.43 237.75 248.73 260.39 272.71
4 333.33 320.73 308.67 297.27 286.54 276.46 267.02 258.23 250.06 242.53 235.63 229.34 223.68 218.62 214.22 210.38 207.14 204.5 202.47 201.04 200.2 199.97 200.34 201.3 202.87 205.04 207.81 211.19 215.14 219.73 224.94 230.77 237.22 244.3 252.01 260.35 269.34 278.98 289.28 300.24 311.86 324.17
4 315.7 303.08 290.99 279.59 268.84 258.75 249.31 240.52 232.36 224.83 217.93 211.65 205.98 200.93 196.54 192.7 189.46 186.83 184.79 183.36 182.52 182.28 182.64 183.6 185.16 187.32 190.09 193.45 197.39 201.97 207.17 212.98 219.42 226.49 234.2 242.54 251.53 261.17 271.48 282.45 294.1 306.44
5 368.53 355.9 343.82 332.4 321.64 311.54 302.08 293.26 285.07 277.52 270.59 264.28 258.59 253.51 249.08 245.21 241.94 239.28 237.22 235.76 234.9 234.64 234.98 235.92 237.46 239.6 242.35 245.7 249.62 254.18 259.36 265.16 271.58 278.63 286.31 294.63 303.59 313.2 323.46 334.39 345.99 358.26
5 350.87 338.22 326.13 314.7 303.93 293.81 284.35 275.52 267.34 259.78 252.84 246.53 240.84 235.76 231.33 227.45 224.19 221.52 219.46 218.0 217.13 216.87 217.2 218.13 219.67 221.8 224.54 227.88 231.79 236.35 241.53 247.32 253.73 260.78 268.46 276.77 285.73 295.35 305.62 316.55 328.16 340.45
6 404.17 391.53 379.41 367.97 357.18 347.05 337.56 328.71 320.49 312.91 305.95 299.61 293.88 288.77 284.31 280.41 277.12 274.43 272.34 270.85 269.96 269.68 269.99 270.9 272.41 274.53 277.25 280.58 284.47 289.01 294.17 299.94 306.34 313.36 321.02 329.31 338.25 347.83 358.07 368.98 380.55 392.8
6 386.47 373.79 361.65 350.19 339.39 329.24 319.75 310.89 302.68 295.09 288.13 281.79 276.07 270.97 266.51 262.62 259.32 256.63 254.55 253.06 252.17 251.88 252.18 253.09 254.59 256.7 259.41 262.73 266.61 271.14 276.29 282.05 288.44 295.46 303.11 311.4 320.33 329.92 340.17 351.08 362.67 374.94
7 440.26 427.6 415.47 404.01 393.2 383.05 373.53 364.66 356.42 348.8 341.81 335.44 329.69 324.55 320.06 316.13 312.81 310.09 307.97 306.45 305.53 305.21 305.49 306.38 307.86 309.95 312.64 315.94 319.81 324.32 329.45 335.19 341.56 348.56 356.19 364.45 373.36 382.92 393.13 404.0 415.53 427.75
7 422.52 409.83 397.68 386.2 375.38 365.21 355.69 346.81 338.56 330.95 323.96 317.59 311.83 306.69 302.21 298.28 294.95 292.23 290.11 288.59 287.67 287.35 287.63 288.51 289.99 292.07 294.75 298.04 301.9 306.41 311.53 317.26 323.63 330.62 338.24 346.5 355.4 364.96 375.17 386.05 397.6 409.83
8 476.94 464.24 452.07 440.56 429.72 419.52 409.97 401.06 392.78 385.14 378.11 371.71 365.93 360.75 356.24 352.28 348.92 346.17 344.03 342.48 341.53 341.19 341.45 342.3 343.76 345.82 348.49 351.76 355.6 360.08 365.18 370.9 377.24 384.21 391.81 400.04 408.91 418.44 428.61 439.45 450.95 463.12
8 459.12 446.39 434.2 422.68 411.82 401.62 392.06 383.15 374.87 367.22 360.2 353.8 348.02 342.85 338.34 334.38 331.03 328.28 326.13 324.59 323.64 323.29 323.54 324.39 325.85 327.9 330.56 333.82 337.65 342.13 347.22 352.93 359.26 366.22 373.81 382.04 390.91 400.43 410.61 421.45 432.97 445.16
9 514.09 501.37 489.17 477.64 466.77 456.54 446.96 438.01 429.7 422.02 414.96 408.53 402.71 397.5 392.95 388.95 385.57 382.78 380.61 379.03 378.05 377.68 377.91 378.73 380.16 382.2 384.84 388.08 391.9 396.35 401.43 407.12 413.43 420.37 427.94 436.14 444.98 454.47 464.61 475.4 486.86 498.98
9 496.23 483.48 471.27 459.73 448.84 438.61 429.02 420.07 411.76 404.07 397.01 390.58 384.76 379.55 375.0 371.0 367.62 364.83 362.65 361.07 360.09 359.71 359.93 360.75 362.17 364.19 366.82 370.06 373.86 378.31 383.38 389.06 395.37 402.3 409.86 418.07 426.91 436.41 446.55 457.37 468.85 481.0
10 551.82 539.06 526.83 515.26 504.35 494.09 484.47 475.49 467.15 459.43 452.34 445.87 440.02 434.78 430.19 426.17 422.75 419.93 417.72 416.11 415.11 414.7 414.9 415.7 417.1 419.1 421.71 424.92 428.7 433.13 438.18 443.84 450.12 457.03 464.57 472.74 481.55 491.0 501.11 511.87 523.29 535.39
10 533.86 521.08 508.83 497.26 486.34 476.07 466.45 457.47 449.13 441.41 434.33 427.86 422.01 416.77 412.19 408.17 404.75 401.94 399.73 398.12 397.11 396.7 396.89 397.68 399.07 401.06 403.66 406.86 410.63 415.05 420.09 425.74 432.01 438.91 446.45 454.62 463.43 472.89 483.0 493.78 505.23 517.35
11 590.09 577.3 565.04 553.45 542.5 532.21 522.56 513.55 505.17 497.42 490.29 483.79 477.9 472.62 468.0 463.94 460.49 457.64 455.4 453.75 452.71 452.27 452.44 453.2 454.57 456.54 459.12 462.3 466.05 470.45 475.46 481.09 487.34 494.22 501.72 509.86 518.64 528.06 538.13 548.86 560.24 572.3
11 572.09 559.28 547.01 535.4 524.44 514.14 504.49 495.47 487.08 479.33 472.2 465.69 459.8 454.53 449.9 445.84 442.39 439.54 437.29 435.64 434.6 434.16 434.31 435.07 436.44 438.4 440.97 444.15 447.9 452.29 457.3 462.92 469.17 476.04 483.54 491.68 500.46 509.88 519.95 530.68 542.08 554.15
12 628.96 616.14 603.85 592.22 581.24 570.91 561.22 552.17 543.75 535.96 528.8 522.25 516.32 511.01 506.36 502.26 498.77 495.88 493.6 491.93 490.85 490.38 490.51 491.24 492.58 494.52 497.06 500.22 503.94 508.3 513.29 518.88 525.1 531.95 539.42 547.53 556.27 565.66 575.69 586.38 597.73 609.75
12 610.89 598.04 585.73 574.09 563.1 552.76 543.06 534.01 525.59 517.8 510.63 504.09 498.16 492.85 488.2 484.1 480.61 477.73 475.44 473.77 472.69 472.21 472.34 473.07 474.4 476.34 478.88 482.02 485.74 490.1 495.07 500.67 506.88 513.72 521.19 529.29 538.04 547.43 557.47 568.16 579.52 591.55
13 668.44 655.58 643.25 631.58 620.57 610.2 600.48 591.39 582.94 575.11 567.91 561.33 555.37 550.02 545.32 541.19 537.66 534.74 532.43 530.71 529.6 529.09 529.19 529.89 531.19 533.09 535.6 538.72 542.41 546.74 551.69 557.25 563.44 570.25 577.68 585.75 594.46 603.81 613.81 624.46 635.77 647.75
13 650.26 637.4 625.06 613.38 602.36 591.99 582.26 573.17 564.71 556.88 549.67 543.09 537.12 531.77 527.08 522.94 519.41 516.49 514.17 512.46 511.34 510.83 510.92 511.62 512.9200000000001 514.82 517.33 520.44 524.12 528.46 533.4 538.96 545.15 551.96 559.39 567.47 576.18 585.53 595.53 606.19 617.51 629.49
14 708.52 695.63 683.28 671.58 660.53 650.12 640.36 631.23 622.74 614.87 607.63 601.01 595.0 589.61 584.88 580.7 577.13 574.17 571.82 570.07 568.92 568.38 568.44 569.1 570.37 572.24 574.72 577.81 581.46 585.76 590.68 596.21 602.37 609.15 616.55 624.59 633.26 642.57 652.53 663.14 674.41 686.33
14 690.32 677.42 665.04 653.32 642.26 631.85 622.08 612.95 604.45 596.58 589.33 582.71 576.7 571.31 566.57 562.4 558.83 555.87 553.51 551.76 550.61 550.07 550.12 550.78 552.05 553.92 556.39 559.47 563.12 567.42 572.33 577.86 584.01 590.79 598.19 606.23 614.9 624.21 634.18 644.79 656.07 668.01
15 749.31 736.38 723.98 712.23 701.14 690.69 680.88 671.71 663.17 655.26 647.98 641.31 635.27 629.84 625.06 620.85 617.24 614.25 611.85 610.06 608.88 608.3 608.32 608.95 610.18 612.02 614.46 617.51 621.14 625.4 630.28 635.78 641.9 648.64 656.01 664.01 672.64 681.92 691.83 702.4 713.62 725.51
15 731.0 718.06 705.65 693.9 682.8 672.34 662.53 653.36 644.82 636.9 629.61 622.95 616.9 611.47 606.69 602.47 598.87 595.86 593.47 591.68 590.49 589.91 589.93 590.55 591.78 593.62 596.06 599.11 602.72 606.99 611.87 617.37 623.48 630.23 637.59 645.6 654.23 663.51 673.44 684.01 695.25 707.14
16 790.73 777.75 765.31 753.52 742.37 731.88 722.03 712.81 704.23 696.28 688.95 682.24 676.15 670.68 665.86 661.61 657.97 654.93 652.5 650.67 649.45 648.84 648.82 649.42 650.62 652.42 654.83 657.85 661.44 665.67 670.52 675.98 682.07 688.77 696.1 704.06 712.66 721.89 731.76 742.28 753.46 765.29
16 772.36 759.38 746.93 735.13 723.98 713.49 703.63 694.41 685.83 677.87 670.54 663.83 657.74 652.27 647.45 643.2 639.55 636.51 634.07 632.25 631.02 630.4 630.38 630.97 632.16 633.96 636.37 639.38 642.96 647.19 652.03 657.5 663.58 670.28 677.61 685.58 694.18 703.41 713.3 723.83 735.02 746.87
17 832.82 819.81 807.32 795.49 784.32 773.78 763.89 754.63 746.01 738.02 730.65 723.9 717.77 712.25 707.4 703.1 699.41 696.33 693.86 691.99 690.73 690.07 690.02 690.57 691.72 693.48 695.85 698.83 702.38 706.57 711.38 716.8 722.85 729.51 736.81 744.73 753.29 762.48 772.32 782.81 793.95 805.75
17 814.36 801.35 788.86 777.04 765.86 755.32 745.42 736.17 727.54 719.54 712.16 705.41 699.27 693.75 688.89 684.59 680.9 677.81 675.34 673.47 672.2 671.54 671.48 672.03 673.19 674.95 677.32 680.29 683.84 688.04 692.85 698.27 704.32 710.99 718.28 726.21 734.77 743.97 753.81 764.3 775.44 787.24
18 875.61 862.57 850.04 838.18 826.96 816.38 806.45 797.15 788.48 780.44 773.03 766.23 760.06 754.5 749.6 745.26 741.53 738.4 735.89 733.98 732.67 731.97 731.88 732.39 733.5 735.22 737.55 740.49 744.0 748.16 752.92 758.31 764.32 770.94 778.2 786.08 794.6 803.75 813.54 823.99 835.08 846.83
18 857.11 844.05 831.52 819.65 808.42 797.84 787.9 778.59 769.92 761.88 754.46 747.66 741.48 735.91 731.01 726.67 722.93 719.81 717.29 715.37 714.07 713.36 713.27 713.78 714.89 716.61 718.94 721.88 725.39 729.54 734.31 739.7 745.71 752.34 759.59 767.48 776.0 785.16 794.96 805.41 816.51 828.27
19 919.16 906.06 893.48 881.56 870.29 859.67 849.69 840.34 831.63 823.54 816.08 809.24 803.03 797.42 792.48 788.1 784.33 781.16 778.6 776.65 775.31 774.56 774.43 774.9 775.97 777.65 779.94 782.83 786.3 790.42 795.14 800.49 806.45 813.04 820.25 828.1 836.57 845.69 855.45 865.85 876.91 888.63
19 900.55 887.46 874.88 862.97 851.7 841.07 831.08 821.73 813.01 804.92 797.45 790.61 784.38 778.77 773.82 769.43 765.65 762.48 759.92 757.96 756.61 755.87 755.73 756.2 757.27 758.96 761.25 764.14 767.62 771.73 776.46 781.81 787.78 794.37 801.59 809.44 817.92 827.03 836.79 847.19 858.25 869.96
20 963.41 950.27 937.65 925.68 914.37 903.7 893.67 884.27 875.51 867.38 859.87 852.99 846.72 841.07 836.09 831.66 827.84 824.63 822.03 820.03 818.64 817.86 817.68 818.1 819.14 820.78 823.02 825.88 829.31 833.38 838.06 843.37 849.29 855.84 863.01 870.81 879.24 888.31 898.02 908.37 919.38 931.04
20 944.74 931.6 918.98 907.01 895.69 885.02 874.99 865.59 856.82 848.69 841.18 834.29 828.02 822.36 817.37 812.94 809.11 805.9 803.29 801.29 799.9 799.11 798.93 799.35 800.38 802.02 804.26 807.12 810.55 814.62 819.31 824.61 830.54 837.08 844.26 852.06 860.5 869.58 879.3 889.66 900.68 912.35
21 1008.45 995.25 982.58 970.56 959.19 948.47 938.39 928.95 920.14 911.96 904.41 897.47 891.16 885.47 880.43 875.96 872.09 868.84 866.19 864.15 862.72 861.89 861.66 862.04 863.03 864.63 866.83 869.64 873.02 877.05 881.69 886.95 892.83 899.33 906.46 914.21 922.6 931.63 941.3 951.61 962.58 974.2
21 989.71 976.52 963.84 951.83 940.46 929.73 919.65 910.2 901.39 893.2 885.64 878.7 872.39 866.68 861.64 857.16 853.29 850.03 847.38 845.33 843.89 843.06 842.83 843.21 844.2 845.79 847.99 850.81 854.19 858.22 862.87 868.13 874.01 880.52 887.65 895.41 903.81 912.84 922.52 932.84 943.81 955.44
22 1054.25 1041.01 1028.28 1016.21 1004.79 994.02 983.89 974.4 965.54 957.31 949.7 942.72 936.36 930.62 925.54 921.01 917.1 913.8 911.1 909.01 907.53 906.66 906.38 906.72 907.66 909.21 911.37 914.13 917.47 921.46 926.05 931.27 937.11 943.56 950.65 958.36 966.71 975.7 985.32 995.6 1006.52 1018.11
22 1035.44 1022.19 1009.46 997.39 985.97 975.2 965.06 955.57 946.7 938.47 930.86 923.87 917.5 911.75 906.67 902.14 898.22 894.91 892.21 890.12 888.64 887.76 887.49 887.82 888.76 890.31 892.47 895.24 898.58 902.57 907.17 912.38 918.22 924.68 931.77 939.49 947.84 956.82 966.45 976.73 987.65 999.23
23 1100.87 1087.57 1074.78 1062.66 1051.18 1040.36 1030.17 1020.63 1011.72 1003.44 995.78 988.75 982.34 976.55 971.42 966.85 962.88 959.53 956.79 954.65 953.12 952.2 951.88 952.16 953.06 954.56 956.66 959.38 962.67 966.61 971.16 976.33 982.12 988.53 995.57 1003.24 1011.55 1020.49 1030.08 1040.31 1051.2 1062.75
23 1081.97 1068.66 1055.88 1043.75 1032.28 1021.45 1011.26 1001.72 992.8 984.52 976.86 969.82 963.4 957.61 952.47 947.9 943.93 940.58 937.83 935.69 934.16 933.23 932.91 933.2 934.09 935.59 937.7 940.42 943.72 947.65 952.21 957.38 963.17 969.58 976.63 984.3 992.6 1001.55 1011.13 1021.37 1032.25 1043.79
24 1148.29 1134.92 1122.08 1109.9 1098.37 1087.49 1077.26 1067.66 1058.69 1050.36 1042.65 1035.57 1029.11 1023.26 1018.09 1013.46 1009.45 1006.05 1003.26 1001.07 999.49 998.51 998.15 998.38 999.23 1000.68 1002.74 1005.41 1008.65 1012.54 1017.04 1022.16 1027.9 1034.27 1041.26 1048.89 1057.14 1066.04 1075.58 1085.77 1096.62 1108.12
24 1129.29 1115.93 1103.1 1090.92 1079.39 1068.51 1058.27 1048.67 1039.7 1031.36 1023.65 1016.56 1010.1 1004.25 999.06 994.44 990.42 987.02 984.22 982.03 980.45 979.47 979.1 979.34 980.18 981.64 983.7 986.37 989.62 993.51 998.01 1003.14 1008.88 1015.25 1022.25 1029.88 1038.14 1047.04 1056.58 1066.78 1077.62 1089.12
25 1196.55 1183.12 1170.22 1157.97 1146.39 1135.45 1125.15 1115.5 1106.48 1098.09 1090.34 1083.2 1076.69 1070.79 1065.56 1060.89 1056.83 1053.37 1050.53 1048.29 1046.66 1045.64 1045.22 1045.4 1046.2 1047.6 1049.61 1052.23 1055.42 1059.26 1063.71 1068.79 1074.48 1080.8 1087.74 1095.32 1103.54 1112.39 1121.89 1132.04 1142.84 1154.31
25 1177.48 1164.06 1151.16 1138.92 1127.33 1116.39 1106.1 1096.44 1087.41 1079.02 1071.25 1064.11 1057.59 1051.69 1046.45 1041.77 1037.71 1034.25 1031.4 1029.16 1027.53 1026.5 1026.09 1026.27 1027.07 1028.47 1030.49 1033.11 1036.31 1040.15 1044.61 1049.69 1055.39 1061.71 1068.66 1076.24 1084.45 1093.31 1102.8 1112.95 1123.74 1135.2
26 1245.71 1232.2 1219.23 1206.91 1195.26 1184.25 1173.9 1164.18 1155.11 1146.66 1138.85 1131.66 1125.09 1119.14 1113.86 1109.14 1105.02 1101.52 1098.62 1096.34 1094.65 1093.58 1093.11 1093.24 1093.98 1095.33 1097.29 1099.86 1103.0 1106.79 1111.19 1116.21 1121.85 1128.11 1135.01 1142.53 1150.7 1159.5 1168.96 1179.06 1189.82 1201.24
26 1226.52 1213.03 1200.07 1187.77 1176.12 1165.12 1154.77 1145.05 1135.97 1127.52 1119.7 1112.5 1105.93 1099.97 1094.68 1089.95 1085.83 1082.32 1079.42 1077.13 1075.44 1074.36 1073.89 1074.03 1074.77 1076.12 1078.08 1080.66 1083.8 1087.6 1092.0 1097.03 1102.68 1108.95 1115.85 1123.38 1131.55 1140.36 1149.81 1159.91 1170.67 1182.08
27 1295.63 1282.07 1269.05 1256.68 1244.98 1233.92 1223.51 1213.74 1204.61 1196.11 1188.23 1180.99 1174.36 1168.36 1163.02 1158.23 1154.06 1150.5 1147.55 1145.21 1143.47 1142.34 1141.81 1141.9 1142.58 1143.88 1145.79 1148.3 1151.4 1155.13 1159.48 1164.45 1170.05 1176.26 1183.11 1190.59 1198.71 1207.47 1216.87 1226.93 1237.64 1249.01
27 1276.37 1262.83 1249.81 1237.45 1225.75 1214.69 1204.28 1194.51 1185.37 1176.86 1168.99 1161.74 1155.1 1149.09 1143.75 1138.96 1134.79 1131.22 1128.27 1125.92 1124.18 1123.05 1122.53 1122.61 1123.3 1124.6 1126.51 1129.03 1132.13 1135.87 1140.22 1145.2 1150.8 1157.02 1163.87 1171.36 1179.48 1188.24 1197.64 1207.7 1218.41 1229.78
28 1346.52 1332.9 1319.8 1307.37 1295.59 1284.47 1274.0 1264.16 1254.97 1246.41 1238.48 1231.17 1224.49 1218.42 1213.03 1208.19 1203.96 1200.35 1197.34 1194.94 1193.15 1191.96 1191.38 1191.41 1192.04 1193.28 1195.14 1197.6 1200.64 1204.32 1208.62 1213.54 1219.08 1225.24 1232.04 1239.47 1247.54 1256.25 1265.6 1275.61 1286.28 1297.62
28 1327.17 1313.56 1300.48 1288.05 1276.29 1265.17 1254.69 1244.86 1235.66 1227.1 1219.16 1211.85 1205.16 1199.09 1193.69 1188.85 1184.61 1180.99 1177.98 1175.58 1173.78 1172.6 1172.02 1172.04 1172.68 1173.93 1175.78 1178.25 1181.29 1184.98 1189.28 1194.21 1199.75 1205.93 1212.73 1220.16 1228.23 1236.94 1246.3 1256.3 1266.97 1278.29
29 1398.31 1384.62 1371.45 1358.95 1347.11 1335.93 1325.39 1315.5 1306.24 1297.62 1289.62 1282.26 1275.51 1269.39 1263.94 1259.04 1254.75 1251.08 1248.01 1245.56 1243.71 1242.46 1241.83 1241.8 1242.37 1243.56 1245.36 1247.76 1250.75 1254.38 1258.62 1263.48 1268.97 1275.08 1281.83 1289.2 1297.22 1305.88 1315.18 1325.14 1335.76 1347.04
29 1378.86 1365.19 1352.03 1339.54 1327.71 1316.52 1305.98 1296.09 1286.83 1278.21 1270.21 1262.84 1256.09 1249.96 1244.51 1239.6 1235.31 1231.64 1228.57 1226.11 1224.26 1223.01 1222.38 1222.35 1222.93 1224.12 1225.92 1228.33 1231.31 1234.95 1239.2 1244.07 1249.56 1255.68 1262.43 1269.81 1277.83 1286.49 1295.8 1305.76 1316.38 1327.66
30 1451.04 1437.27 1424.03 1411.46 1399.55 1388.3 1377.69 1367.73 1358.41 1349.72 1341.67 1334.24 1327.43 1321.25 1315.74 1310.78 1306.44 1302.7 1299.58 1297.07 1295.16 1293.86 1293.16 1293.08 1293.6 1294.73 1296.47 1298.81 1301.74 1305.31 1309.5 1314.31 1319.74 1325.8 1332.49 1339.81 1347.78 1356.38 1365.64 1375.55 1386.12 1397.36
30 1431.5 1417.75 1404.52 1391.96 1380.06 1368.81 1358.2 1348.24 1338.92 1330.23 1322.17 1314.74 1307.93 1301.74 1296.22 1291.26 1286.91 1283.17 1280.04 1277.53 1275.62 1274.31 1273.62 1273.53 1274.06 1275.19 1276.93 1279.28 1282.22 1285.79 1289.99 1294.8 1300.24 1306.3 1313.0 1320.33 1328.29 1336.9 1346.16 1356.07 1366.64 1377.87
31 1504.57 1490.76 1477.48 1464.86 1452.9 1441.59 1430.93 1420.91 1411.52 1402.78 1394.66 1387.17 1380.3 1374.05 1368.47 1363.45 1359.04 1355.24 1352.06 1349.48 1347.51 1346.15 1345.39 1345.25 1345.71 1346.78 1348.46 1350.76 1353.63 1357.15 1361.28 1366.04 1371.42 1377.42 1384.06 1391.33 1399.24 1407.79 1416.99 1426.84 1437.35 1448.53
31 1485.01 1471.2 1457.91 1445.29 1433.32 1422.01 1411.35 1401.32 1391.94 1383.19 1375.06 1367.57 1360.7 1354.45 1348.87 1343.84 1339.43 1335.63 1332.44 1329.86 1327.89 1326.53 1325.78 1325.63 1326.09 1327.17 1328.85 1331.14 1334.02 1337.54 1341.68 1346.43 1351.81 1357.82 1364.46 1371.74 1379.65 1388.2 1397.41 1407.26 1417.78 1428.96
32 1559.12 1545.26 1531.92 1519.24 1507.21 1495.84 1485.12 1475.03 1465.59 1456.78 1448.59 1441.04 1434.1 1427.79 1422.15 1417.06 1412.59 1408.73 1405.48 1402.84 1400.8 1399.38 1398.56 1398.35 1398.76 1399.77 1401.39 1403.62 1406.44 1409.89 1413.97 1418.67 1423.99 1429.93 1436.51 1443.73 1451.58 1460.07 1469.21 1479.01 1489.46 1500.58
32 1539.39 1525.55 1512.22 1499.56 1487.55 1476.18 1465.46 1455.38 1445.93 1437.12 1428.93 1421.37 1414.43 1408.11 1402.46 1397.37 1392.89 1389.02 1385.77 1383.12 1381.09 1379.66 1378.85 1378.64 1379.05 1380.06 1381.69 1383.93 1386.75 1390.21 1394.29 1399.0 1404.33 1410.28 1416.86 1424.08 1431.94 1440.43 1449.58 1459.37 1469.82 1480.92
33 1614.7 1600.77 1587.35 1574.6 1562.51 1551.07 1540.27 1530.12 1520.61 1511.73 1503.48 1495.86 1488.86 1482.48 1476.78 1471.63 1467.09 1463.16 1459.85 1457.14 1455.05 1453.56 1452.68 1452.41 1452.74 1453.69 1455.25 1457.42 1460.18 1463.57 1467.59 1472.22 1477.48 1483.37 1489.89 1497.04 1504.84 1513.27 1522.36 1532.1 1542.5 1553.57
33 1594.83 1580.93 1567.54 1554.82 1542.74 1531.32 1520.53 1510.39 1500.87 1491.99 1483.74 1476.12 1469.11 1462.73 1457.01 1451.86 1447.31 1443.38 1440.06 1437.35 1435.25 1433.76 1432.88 1432.61 1432.95 1433.91 1435.47 1437.65 1440.41 1443.81 1447.84 1452.48 1457.75 1463.65 1470.17 1477.33 1485.13 1493.57 1502.66 1512.4 1522.79 1533.85
34 1671.32 1657.31 1643.83 1631.01 1618.84 1607.33 1596.47 1586.24 1576.66 1567.71 1559.39 1551.7 1544.63 1538.18 1532.41 1527.19 1522.58 1518.59 1515.21 1512.43 1510.27 1508.71 1507.77 1507.43 1507.71 1508.59 1510.08 1512.19 1514.88 1518.22 1522.17 1526.74 1531.94 1537.77 1544.23 1551.32 1559.06 1567.44 1576.47 1586.15 1596.49 1607.5
34 1651.38 1637.4 1623.94 1611.14 1598.99 1587.48 1576.62 1566.41 1556.82 1547.87 1539.55 1531.85 1524.78 1518.33 1512.55 1507.32 1502.71 1498.71 1495.33 1492.55 1490.39 1488.83 1487.89 1487.55 1487.83 1488.72 1490.22 1492.33 1495.03 1498.37 1502.33 1506.91 1512.12 1517.95 1524.42 1531.52 1539.26 1547.64 1556.66 1566.34 1576.68 1587.67
35 1729.02 1714.93 1701.36 1688.45 1676.21 1664.61 1653.67 1643.37 1633.71 1624.69 1616.3 1608.53 1601.39 1594.87 1589.03 1583.74 1579.07 1575.01 1571.56 1568.72 1566.48 1564.86 1563.85 1563.45 1563.66 1564.47 1565.9 1567.95 1570.57 1573.84 1577.73 1582.24 1587.38 1593.14 1599.54 1606.57 1614.25 1622.57 1631.54 1641.17 1651.45 1662.41
35 1709.0 1694.94 1681.39 1668.5 1656.27 1644.68 1633.75 1623.45 1613.79 1604.76 1596.36 1588.59 1581.45 1574.92 1569.07 1563.78 1559.09 1555.03 1551.57 1548.73 1546.5 1544.88 1543.86 1543.46 1543.67 1544.5 1545.93 1547.98 1550.62 1553.9 1557.79 1562.32 1567.46 1573.24 1579.64 1586.68 1594.36 1602.68 1611.66 1621.28 1631.56 1642.5
36 1787.74 1773.57 1759.92 1746.94 1734.62 1722.95 1711.94 1701.56 1691.83 1682.73 1674.26 1666.42 1659.21 1652.62 1646.7 1641.34 1636.59 1632.45 1628.93 1626.02 1623.72 1622.03 1620.94 1620.47 1620.61 1621.36 1622.72 1624.7 1627.26 1630.46 1634.28 1638.73 1643.8 1649.5 1655.84 1662.81 1670.42 1678.68 1687.59 1697.16 1707.39 1718.28
36 1767.61 1753.47 1739.84 1726.88 1714.57 1702.91 1691.89 1681.52 1671.79 1662.69 1654.21 1646.37 1639.15 1632.55 1626.63 1621.27 1616.52 1612.38 1608.85 1605.94 1603.64 1601.95 1600.87 1600.4 1600.54 1601.3 1602.67 1604.65 1607.22 1610.43 1614.26 1618.72 1623.8 1629.51 1635.85 1642.82 1650.44 1658.69 1667.6 1677.16 1687.38 1698.25
37 1847.57 1833.31 1819.58 1806.51 1794.11 1782.36 1771.26 1760.8 1750.99 1741.81 1733.27 1725.35 1718.06 1711.39 1705.4 1699.97 1695.14 1690.94 1687.34 1684.36 1681.98 1680.22 1679.07 1678.52 1678.59 1679.27 1680.57 1682.47 1684.97 1688.1 1691.86 1696.24 1701.24 1706.88 1713.15 1720.05 1727.6 1735.8 1744.65 1754.15 1764.32 1775.15
37 1827.35 1813.12 1799.4 1786.35 1773.96 1762.21 1751.12 1740.67 1730.85 1721.67 1713.13 1705.21 1697.91 1691.24 1685.25 1679.81 1674.98 1670.77 1667.17 1664.19 1661.82 1660.05 1658.9 1658.36 1658.43 1659.12 1660.42 1662.33 1664.83 1667.97 1671.74 1676.12 1681.14 1686.78 1693.05 1699.97 1707.52 1715.72 1724.57 1734.07 1744.23 1755.06
38 1908.4 1894.07 1880.27 1867.13 1854.65 1842.83 1831.65 1821.12 1811.23 1801.98 1793.35 1785.36 1777.99 1771.25 1765.18 1759.67 1754.77 1750.49 1746.82 1743.76 1741.31 1739.47 1738.25 1737.63 1737.63 1738.23 1739.46 1741.29 1743.72 1746.78 1750.47 1754.78 1759.72 1765.28 1771.49 1778.32 1785.81 1793.94 1802.72 1812.15 1822.25 1833.02
38 1888.05 1873.76 1859.98 1846.86 1834.39 1822.58 1811.41 1800.89 1791.0 1781.75 1773.12 1765.13 1757.76 1751.01 1744.94 1739.42 1734.52 1730.23 1726.56 1723.5 1721.05 1719.21 1717.99 1717.38 1717.37 1717.99 1719.21 1721.06 1723.49 1726.56 1730.26 1734.58 1739.52 1745.1 1751.31 1758.15 1765.64 1773.77 1782.55 1791.99 1802.08 1812.84
39 1970.42 1956.01 1942.13 1928.91 1916.35 1904.44 1893.19 1882.57 1872.6 1863.27 1854.56 1846.49 1839.04 1832.21 1826.07 1820.47 1815.5 1811.13 1807.39 1804.25 1801.73 1799.81 1798.51 1797.82 1797.74 1798.28 1799.43 1801.19 1803.55 1806.54 1810.16 1814.4 1819.27 1824.76 1830.9 1837.67 1845.08 1853.14 1861.85 1871.22 1881.24 1891.94
39 1949.96 1935.59 1921.74 1908.54 1896.0 1884.1 1872.85 1862.25 1852.28 1842.94 1834.23 1826.15 1818.7 1811.87 1805.72 1800.12 1795.14 1790.77 1787.02 1783.88 1781.35 1779.44 1778.14 1777.45 1777.38 1777.92 1779.08 1780.85 1783.21 1786.21 1789.84 1794.09 1798.97 1804.48 1810.62 1817.39 1824.81 1832.87 1841.58 1850.95 1860.97 1871.65
40 2033.52 2019.05 2005.08 1991.79 1979.15 1967.17 1955.83 1945.14 1935.09 1925.67 1916.89 1908.73 1901.2 1894.3 1888.07 1882.4 1877.34 1872.9 1869.07 1865.85 1863.25 1861.26 1859.88 1859.11 1858.95 1859.41 1860.48 1862.17 1864.45 1867.37 1870.91 1875.08 1879.87 1885.3 1891.36 1898.06 1905.41 1913.4 1922.04 1931.34 1941.3 1951.93
40 2012.95 1998.51 1984.58 1971.31 1958.69 1946.72 1935.4 1924.71 1914.66 1905.24 1896.46 1888.3 1880.76 1873.85 1867.62 1861.94 1856.88 1852.43 1848.6 1845.38 1842.77 1840.78 1839.41 1838.64 1838.49 1838.96 1840.04 1841.74 1844.03 1846.96 1850.51 1854.69 1859.49 1864.93 1871.0 1877.71 1885.05 1893.04 1901.68 1910.97 1920.92 1931.53
41 2097.87 2083.31 2069.27 2055.89 2043.17 2031.1 2019.68 2008.9 1998.77 1989.26 1980.39 1972.15 1964.53 1957.54 1951.23 1945.47 1940.32 1935.8 1931.88 1928.58 1925.9 1923.82 1922.36 1921.52 1921.28 1921.66 1922.66 1924.27 1926.47 1929.32 1932.79 1936.88 1941.61 1946.96 1952.95 1959.58 1966.85 1974.77 1983.34 1992.57 2002.46 2013.02
41 2077.17 2062.66 2048.65 2035.29 2022.59 2010.53 1999.12 1988.35 1978.22 1968.71 1959.84 1951.6 1943.98 1936.98 1930.67 1924.9 1919.75 1915.22 1911.31 1908.01 1905.32 1903.25 1901.79 1900.95 1900.72 1901.11 1902.11 1903.73 1905.94 1908.8 1912.28 1916.38 1921.11 1926.48 1932.48 1939.11 1946.39 1954.31 1962.88 1972.1 1981.98 1992.53
42 2163.47 2148.82 2134.68 2121.2 2108.38 2096.22 2084.7 2073.83 2063.6 2054.01 2045.05 2036.72 2029.01 2021.93 2015.54 2009.69 2004.47 1999.85 1995.86 1992.48 1989.71 1987.55 1986.01 1985.08 1984.77 1985.07 1985.98 1987.52 1989.64 1992.41 1995.8 1999.82 2004.47 2009.74 2015.66 2022.21 2029.41 2037.26 2045.75 2054.91 2064.73 2075.22
42 2142.65 2128.03 2113.93 2100.47 2087.68 2075.53 2064.03 2053.17 2042.94 2033.35 2024.39 2016.06 2008.35 2001.27 1994.87 1989.02 1983.79 1979.18 1975.18 1971.8 1969.03 1966.87 1965.33 1964.4 1964.09 1964.4 1965.32 1966.86 1969.0 1971.77 1975.17 1979.2 1983.86 1989.15 1995.07 2001.63 2008.84 2016.69 2025.2 2034.36 2044.18 2054.66
43 2230.25 2215.51 2201.28 2187.72 2174.81 2162.56 2150.95 2139.99 2129.67 2119.99 2110.93 2102.51 2094.72 2087.55 2081.06 2075.13 2069.81 2065.11 2061.03 2057.56 2054.7 2052.46 2050.83 2049.82 2049.42 2049.64 2050.47 2051.92 2053.97 2056.65 2059.97 2063.9 2068.47 2073.67 2079.5 2085.98 2093.1 2100.86 2109.28 2118.36 2128.1 2138.5
43 2209.33 2194.62 2180.43 2166.89 2154.0 2141.76 2130.17 2119.22 2108.9 2099.22 2090.16 2081.74 2073.94 2066.77 2060.28 2054.34 2049.02 2044.32 2040.23 2036.76 2033.91 2031.67 2030.04 2029.03 2028.64 2028.86 2029.7 2031.16 2033.22 2035.92 2039.24 2043.19 2047.76 2052.97 2058.82 2065.3 2072.43 2080.2 2088.62 2097.69 2107.43 2117.82
44 2298.34 2283.5 2269.17 2255.5 2242.5 2230.14 2218.44 2207.38 2196.97 2187.19 2178.04 2169.53 2161.64 2154.38 2147.8 2141.78 2136.37 2131.58 2127.41 2123.85 2120.91 2118.58 2116.86 2115.76 2115.28 2115.41 2116.16 2117.53 2119.49 2122.09 2125.32 2129.18 2133.66 2138.78 2144.54 2150.93 2157.97 2165.66 2174.0 2183.0 2192.66 2203.0
44 2277.31 2262.51 2248.22 2234.58 2221.59 2209.26 2197.56 2186.51 2176.1 2166.32 2157.17 2148.65 2140.76 2133.49 2126.91 2120.87 2115.46 2110.67 2106.49 2102.93 2099.99 2097.66 2095.95 2094.85 2094.37 2094.51 2095.27 2096.65 2098.62 2101.24 2104.48 2108.35 2112.84 2117.98 2123.74 2130.14 2137.19 2144.88 2153.22 2162.22 2171.87 2182.18
45 2367.56 2352.64 2338.23 2324.48 2311.39 2298.95 2287.16 2276.01 2265.51 2255.64 2246.4 2237.79 2229.81 2222.46 2215.79 2209.67 2204.17 2199.29 2195.03 2191.38 2188.34 2185.92 2184.12 2182.93 2182.35 2182.39 2183.05 2184.33 2186.21 2188.73 2191.87 2195.64 2200.04 2205.07 2210.75 2217.06 2224.02 2231.63 2239.89 2248.81 2258.39 2268.65
45 2346.38 2331.52 2317.15 2303.44 2290.37 2277.95 2266.18 2255.04 2244.54 2234.67 2225.43 2216.81 2208.83 2201.47 2194.79 2188.67 2183.16 2178.28 2174.01 2170.35 2167.32 2164.9 2163.1 2161.91 2161.34 2161.39 2162.06 2163.36 2165.25 2167.78 2170.93 2174.71 2179.13 2184.17 2189.85 2196.17 2203.13 2210.74 2218.99 2227.9 2237.46 2247.69
46 2438.17 2423.16 2408.66 2394.82 2381.64 2369.11 2357.22 2345.98 2335.37 2325.41 2316.07 2307.37 2299.29 2291.84 2285.07 2278.86 2273.26 2268.28 2263.92 2260.17 2257.04 2254.53 2252.63 2251.34 2250.68 2250.63 2251.2 2252.39 2254.18 2256.61 2259.66 2263.35 2267.66 2272.61 2278.2 2284.43 2291.3 2298.83 2307.0 2315.84 2325.34 2335.51
46 2416.86 2401.91 2387.45 2373.65 2360.49 2347.98 2336.11 2324.88 2314.28 2304.31 2294.98 2286.27 2278.19 2270.73 2263.96 2257.73 2252.13 2247.15 2242.78 2239.03 2235.9 2233.39 2231.49 2230.21 2229.55 2229.51 2230.09 2231.29 2233.1 2235.54 2238.61 2242.31 2246.64 2251.6 2257.2 2263.44 2270.32 2277.85 2286.03 2294.87 2304.36 2314.51
47 2509.99 2494.92 2480.36 2466.44 2453.18 2440.56 2428.59 2417.26 2406.56 2396.49 2387.06 2378.25 2370.07 2362.52 2355.65 2349.33 2343.64 2338.56 2334.09 2330.25 2327.02 2324.41 2322.42 2321.04 2320.28 2320.14 2320.62 2321.72 2323.43 2325.77 2328.74 2332.34 2336.57 2341.43 2346.93 2353.07 2359.86 2367.29 2375.37 2384.11 2393.51 2403.57
47 2488.59 2473.57 2459.04 2445.16 2431.92 2419.32 2407.36 2396.04 2385.35 2375.28 2365.85 2357.04 2348.86 2341.3 2334.43 2328.1 2322.4 2317.32 2312.85 2309.0 2305.77 2303.16 2301.17 2299.8 2299.05 2298.91 2299.4 2300.51 2302.22 2304.58 2307.56 2311.17 2315.41 2320.28 2325.79 2331.94 2338.73 2346.16 2354.24 2362.98 2372.36 2382.41
48 2583.33 2568.16 2553.49 2539.47 2526.11 2513.39 2501.32 2489.88 2479.08 2468.92 2459.38 2450.48 2442.19 2434.54 2427.57 2421.15 2415.35 2410.17 2405.61 2401.67 2398.34 2395.63 2393.54 2392.06 2391.2 2390.96 2391.35 2392.35 2393.96 2396.21 2399.08 2402.58 2406.72 2411.49 2416.9 2422.95 2429.64 2436.98 2444.98 2453.63 2462.94 2472.92
48 2561.77 2546.67 2532.05 2518.08 2504.75 2492.05 2479.99 2468.56 2457.77 2447.6 2438.06 2429.15 2420.86 2413.2 2406.23 2399.8 2393.99 2388.81 2384.24 2380.29 2376.96 2374.25 2372.16 2370.7 2369.85 2369.62 2370.01 2371.03 2372.66 2374.92 2377.81 2381.33 2385.48 2390.26 2395.68 2401.73 2408.43 2415.77 2423.75 2432.39 2441.67 2451.61
49 2658.09 2642.83 2628.06 2613.95 2600.48 2587.66 2575.48 2563.93 2553.02 2542.75 2533.1 2524.08 2515.69 2507.93 2500.85 2494.32 2488.42 2483.13 2478.46 2474.41 2470.98 2468.17 2465.98 2464.4 2463.45 2463.12 2463.41 2464.32 2465.83 2467.99 2470.77 2474.18 2478.22 2482.9 2488.21 2494.17 2500.76 2508.0 2515.9 2524.44 2533.64 2543.5
49 2636.43 2621.22 2606.49 2592.41 2578.97 2566.17 2554.0 2542.47 2531.56 2521.29 2511.65 2502.63 2494.23 2486.46 2479.39 2472.86 2466.95 2461.66 2456.99 2452.94 2449.51 2446.7 2444.51 2442.94 2441.99 2441.66 2441.96 2442.88 2444.41 2446.57 2449.36 2452.79 2456.84 2461.53 2466.85 2472.81 2479.42 2486.66 2494.55 2503.09 2512.28 2522.13
50 2734.26 2718.91 2704.04 2689.83 2676.26 2663.33 2651.04 2639.39 2628.37 2617.98 2608.23 2599.1 2590.6 2582.72 2575.54 2568.9 2562.88 2557.49 2552.71 2548.56 2545.02 2542.1 2539.81 2538.13 2537.07 2536.64 2536.82 2537.63 2539.05 2541.11 2543.79 2547.1 2551.05 2555.63 2560.84 2566.7 2573.2 2580.34 2588.13 2596.58 2605.68 2615.44
50 2712.48 2697.17 2682.35 2668.17 2654.63 2641.72 2629.45 2617.81 2606.79 2596.41 2586.66 2577.53 2569.02 2561.14 2553.95 2547.31 2541.29 2535.89 2531.12 2526.96 2523.42 2520.51 2518.21 2516.54 2515.49 2515.06 2515.26 2516.08 2517.51 2519.57 2522.27 2525.59 2529.55 2534.14 2539.36 2545.22 2551.73 2558.87 2566.66 2575.09 2584.18 2593.91
51 2811.98 2796.51 2781.52 2767.19 2753.5 2740.45 2728.05 2716.28 2705.15 2694.65 2684.78 2675.54 2666.93 2658.94 2651.65 2644.9 2638.78 2633.27 2628.39 2624.12 2620.48 2617.45 2615.05 2613.26 2612.1 2611.56 2611.63 2612.34 2613.65 2615.6 2618.18 2621.38 2625.22 2629.7 2634.81 2640.57 2646.96 2654.01 2661.7 2670.04 2679.05 2688.71
51 2790.05 2774.64 2759.7 2745.41 2731.75 2718.73 2706.34 2694.58 2683.46 2672.96 2663.09 2653.84 2645.22 2637.23 2629.93 2623.18 2617.04 2611.54 2606.65 2602.38 2598.74 2595.72 2593.32 2591.54 2590.39 2589.86 2589.95 2590.67 2592.0 2593.96 2596.56 2599.78 2603.64 2608.13 2613.25 2619.01 2625.41 2632.44 2640.12 2648.45 2657.42 2667.04
52 2890.9 2875.36 2860.31 2845.89 2832.12 2818.99 2806.49 2794.62 2783.39 2772.79 2762.81 2753.46 2744.74 2736.64 2729.23 2722.37 2716.13 2710.51 2705.51 2701.14 2697.38 2694.24 2691.72 2689.83 2688.55 2687.9 2687.87 2688.47 2689.68 2691.52 2693.99 2697.1 2700.83 2705.21 2710.21 2715.86 2722.16 2729.09 2736.68 2744.91 2753.81 2763.35
52 2868.83 2853.36 2838.36 2823.99 2810.26 2797.15 2784.67 2772.82 2761.59 2750.99 2741.01 2731.65 2722.92 2714.82 2707.4 2700.53 2694.29 2688.66 2683.66 2679.27 2675.51 2672.38 2669.86 2667.97 2666.71 2666.07 2666.05 2666.66 2667.88 2669.74 2672.23 2675.35 2679.11 2683.49 2688.51 2694.17 2700.47 2707.4 2714.98 2723.21 2732.07 2741.59
53 2971.39 2955.79 2940.66 2926.17 2912.31 2899.08 2886.49 2874.52 2863.18 2852.46 2842.37 2832.91 2824.06 2815.84 2808.32 2801.33 2794.97 2789.23 2784.11 2779.61 2775.74 2772.48 2769.85 2767.84 2766.45 2765.68 2765.55 2766.03 2767.13 2768.87 2771.24 2774.24 2777.87 2782.14 2787.04 2792.58 2798.77 2805.59 2813.07 2821.19 2829.96 2839.39
53 2949.19 2933.66 2918.59 2904.14 2890.32 2877.12 2864.54 2852.58 2841.25 2830.53 2820.44 2810.97 2802.12 2793.9 2786.36 2779.37 2773.01 2767.26 2762.14 2757.64 2753.76 2750.5 2747.88 2745.87 2744.49 2743.74 2743.61 2744.12 2745.23 2746.98 2749.37 2752.38 2756.03 2760.31 2765.22 2770.77 2776.96 2783.79 2791.25 2799.36 2808.11 2817.5
54 3055.14 3039.14 3023.65 3008.83 2994.68 2981.19 2968.35 2956.17 2944.63 2933.73 2923.48 2913.87 2904.88 2896.53 2888.89 2881.78 2875.31 2869.46 2864.23 2859.62 2855.63 2852.26 2849.52 2847.39 2845.89 2845.01 2844.75 2845.12 2846.1 2847.71 2849.95 2852.83 2856.35 2860.5 2865.29 2870.74 2876.83 2883.57 2890.98 2899.05 2907.78 2917.2
54 3032.93 3016.96 3001.49 2986.69 2972.55 2959.07 2946.24 2934.06 2922.52 2911.63 2901.38 2891.76 2882.78 2874.43 2866.78 2859.68 2853.2 2847.35 2842.12 2837.51 2833.53 2830.16 2827.42 2825.3 2823.8 2822.93 2822.68 2823.06 2824.04 2825.67 2827.92 2830.81 2834.34 2838.5 2843.31 2848.76 2854.86 2861.61 2869.02 2877.09 2885.83 2895.24
55 3138.54 3122.53 3107.01 3092.15 3077.93 3064.37 3051.45 3039.17 3027.53 3016.53 3006.16 2996.42 2987.32 2978.84 2971.07 2963.84 2957.23 2951.25 2945.89 2941.15 2937.04 2933.55 2930.68 2928.43 2926.81 2925.81 2925.43 2925.69 2926.55 2928.06 2930.19 2932.95 2936.36 2940.39 2945.07 2950.39 2956.36 2962.98 2970.24 2978.17 2986.75 2996.0
55 3116.13 3100.18 3084.7 3069.87 3055.68 3042.14 3029.23 3016.96 3005.32 2994.32 2983.95 2974.21 2965.1 2956.62 2948.84 2941.6 2934.99 2929.01 2923.65 2918.91 2914.8 2911.31 2908.45 2906.21 2904.6 2903.61 2903.25 2903.51 2904.4 2905.91 2908.06 2910.84 2914.26 2918.31 2923.0 2928.32 2934.29 2940.9 2948.16 2956.07 2964.63 2973.84
56 3223.62 3207.59 3192.03 3177.12 3162.84 3149.19 3136.18 3123.8 3112.06 3100.94 3090.45 3080.59 3071.36 3062.75 3054.85 3047.48 3040.74 3034.63 3029.14 3024.27 3020.03 3016.41 3013.41 3011.04 3009.3 3008.18 3007.68 3007.82 3008.57 3009.96 3011.98 3014.63 3017.92 3021.84 3026.4 3031.6 3037.44 3043.92 3051.05 3058.82 3067.25 3076.33
56 3201.13 3185.14 3169.62 3154.73 3140.47 3126.84 3113.84 3101.47 3089.73 3078.61 3068.12 3058.26 3049.02 3040.41 3032.5 3025.13 3018.39 3012.27 3006.77 3001.91 2997.66 2994.05 2991.06 2988.69 2986.95 2985.84 2985.36 2985.51 2986.27 2987.67 2989.7 2992.36 2995.66 2999.58 3004.15 3009.35 3015.19 3021.66 3028.78 3036.54 3044.94 3053.99
57 3310.5 3294.42 3278.8 3263.8 3249.44 3235.7 3222.59 3210.1 3198.24 3187.01 3176.4 3166.41 3157.05 3148.31 3140.27 3132.78 3125.9 3119.65 3114.03 3109.03 3104.65 3100.9 3097.77 3095.27 3093.4 3092.15 3091.53 3091.54 3092.17 3093.44 3095.33 3097.86 3101.02 3104.82 3109.25 3114.32 3120.02 3126.37 3133.36 3140.99 3149.27 3158.19
57 3287.81 3271.8 3256.23 3241.28 3226.94 3213.23 3200.13 3187.65 3175.8 3164.56 3153.95 3143.95 3134.58 3125.84 3117.79 3110.29 3103.41 3097.15 3091.52 3086.52 3082.14 3078.39 3075.27 3072.78 3070.91 3069.68 3069.07 3069.1 3069.74 3071.02 3072.93 3075.48 3078.65 3082.46 3086.9 3091.98 3097.68 3104.03 3111.01 3118.62 3126.87 3135.75
58 3399.21 3383.06 3367.36 3352.28 3337.81 3323.97 3310.74 3298.13 3286.15 3274.78 3264.04 3253.91 3244.41 3235.54 3227.36 3219.72 3212.71 3206.32 3200.56 3195.42 3190.91 3187.02 3183.76 3181.13 3179.12 3177.75 3177.0 3176.89 3177.39 3178.53 3180.3 3182.7 3185.73 3189.4 3193.7 3198.63 3204.2 3210.4 3217.24 3224.71 3232.82 3241.57
58 3376.37 3360.3 3344.66 3329.63 3315.2 3301.38 3288.18 3275.58 3263.6 3252.23 3241.48 3231.35 3221.84 3212.95 3204.77 3197.12 3190.09 3183.7 3177.93 3172.78 3168.27 3164.39 3161.13 3158.51 3156.51 3155.15 3154.42 3154.32 3154.84 3156.0 3157.78 3160.2 3163.25 3166.93 3171.24 3176.18 3181.75 3187.95 3194.77 3202.22 3210.3 3219.0
59 3489.41 3473.25 3457.51 3442.37 3427.84 3413.92 3400.6 3387.89 3375.79 3364.31 3353.44 3343.19 3333.55 3324.53 3316.22 3308.44 3301.28 3294.74 3288.83 3283.55 3278.89 3274.86 3271.45 3268.68 3266.54 3265.02 3264.14 3263.89 3264.26 3265.26 3266.9 3269.17 3272.07 3275.6 3279.76 3284.55 3289.98 3296.03 3302.71 3310.03 3317.97 3326.54
59 3466.43 3450.34 3434.67 3419.58 3405.08 3391.18 3377.88 3365.18 3353.09 3341.6 3330.73 3320.47 3310.82 3301.79 3293.47 3285.68 3278.52 3271.98 3266.06 3260.78 3256.12 3252.1 3248.7 3245.94 3243.81 3242.31 3241.45 3241.22 3241.61 3242.63 3244.29 3246.57 3249.49 3253.03 3257.2 3261.99 3267.41 3273.45 3280.12 3287.4 3295.29 3303.8
60 3581.18 3565.05 3549.32 3534.17 3519.59 3505.61 3492.21 3479.4 3467.2 3455.59 3444.6 3434.21 3424.43 3415.26 3406.8 3398.87 3391.56 3384.87 3378.81 3373.38 3368.57 3364.4 3360.85 3357.94 3355.66 3354.01 3353.0 3352.61 3352.86 3353.73 3355.24 3357.37 3360.14 3363.53 3367.55 3372.19 3377.46 3383.34 3389.85 3396.96 3404.69 3413.03
60 3558.04 3541.98 3526.31 3511.2 3496.67 3482.71 3469.33 3456.54 3444.34 3432.74 3421.74 3411.34 3401.56 3392.39 3383.92 3375.98 3368.67 3361.98 3355.91 3350.48 3345.68 3341.51 3337.97 3335.07 3332.8 3331.16 3330.16 3329.8 3330.06 3330.95 3332.48 3334.63 3337.41 3340.81 3344.84 3349.49 3354.75 3360.63 3367.12 3374.21 3381.9 3390.19
61 3674.75 3658.65 3642.92 3627.75 3613.13 3599.09 3585.61 3572.72 3560.41 3548.69 3537.57 3527.05 3517.13 3507.83 3499.22 3491.14 3483.67 3476.83 3470.62 3465.03 3460.07 3455.74 3452.04 3448.98 3446.55 3444.76 3443.6 3443.07 3443.17 3443.9 3445.27 3447.26 3449.87 3453.12 3456.98 3461.46 3466.56 3472.28 3478.6 3485.52 3493.04 3501.16
61 3651.49 3635.48 3619.82 3604.7 3590.12 3576.1 3562.65 3549.76 3537.46 3525.73 3514.6 3504.07 3494.14 3484.82 3476.2 3468.11 3460.63 3453.78 3447.56 3441.97 3437.01 3432.69 3429.0 3425.95 3423.53 3421.76 3420.61 3420.11 3420.23 3420.99 3422.37 3424.38 3427.01 3430.27 3434.14 3438.63 3443.72 3449.42 3455.71 3462.59 3470.06 3478.1
62 3770.26 3754.19 3738.47 3723.27 3708.62 3694.5 3680.95 3667.95 3655.53 3643.69 3632.43 3621.77 3611.7 3602.24 3593.48 3585.23 3577.61 3570.61 3564.23 3558.48 3553.36 3548.88 3545.03 3541.82 3539.24 3537.3 3535.99 3535.32 3535.28 3535.87 3537.08 3538.93 3541.4 3544.48 3548.19 3552.5 3557.42 3562.95 3569.06 3575.77 3583.06 3590.92
62 3746.85 3730.86 3715.21 3700.07 3685.45 3671.37 3657.83 3644.85 3632.44 3620.59 3609.33 3598.66 3588.58 3579.11 3570.34 3562.08 3554.45 3547.44 3541.06 3535.31 3530.2 3525.72 3521.87 3518.67 3516.1 3514.18 3512.89 3512.23 3512.21 3512.82 3514.05 3515.91 3518.4 3521.49 3525.2 3529.52 3534.43 3539.93 3546.02 3552.68 3559.91 3567.7
63 3867.81 3851.75 3836.0 3820.76 3806.04 3791.85 3778.19 3765.09 3752.55 3740.57 3729.17 3718.36 3708.14 3698.53 3689.6 3681.2 3673.41 3666.24 3659.7 3653.79 3648.51 3643.87 3639.86 3636.49 3633.76 3631.66 3630.21 3629.38 3629.19 3629.63 3630.7 3632.39 3634.7 3637.62 3641.16 3645.3 3650.04 3655.37 3661.29 3667.78 3674.84 3682.45
63 3844.34 3828.33 3812.64 3797.44 3782.75 3768.57 3754.93 3741.84 3729.3 3717.32 3705.92 3695.1 3684.88 3675.25 3666.32 3657.91 3650.12 3642.95 3636.41 3630.5 3625.22 3620.58 3616.58 3613.22 3610.5 3608.42 3606.98 3606.17 3606.0 3606.45 3607.53 3609.23 3611.56 3614.49 3618.03 3622.17 3626.9 3632.22 3638.1 3644.56 3651.56 3659.11
64 3967.59 3951.47 3935.67 3920.35 3905.54 3891.24 3877.46 3864.23 3851.55 3839.43 3827.88 3816.91 3806.54 3796.75 3787.67 3779.1 3771.14 3763.81 3757.1 3751.02 3745.58 3740.77 3736.6 3733.07 3730.17 3727.92 3726.3 3725.32 3724.97 3725.25 3726.15 3727.68 3729.82 3732.58 3735.94 3739.9 3744.45 3749.59 3755.29 3761.57 3768.39 3775.76
64 3944.04 3927.99 3912.22 3896.94 3882.15 3867.87 3854.1 3840.88 3828.19 3816.07 3804.52 3793.54 3783.15 3773.36 3764.27 3755.69 3747.73 3740.39 3733.68 3727.6 3722.16 3717.35 3713.18 3709.66 3706.78 3704.53 3702.93 3701.96 3701.63 3701.92 3702.84 3704.38 3706.54 3709.3 3712.67 3716.63 3721.18 3726.3 3731.99 3738.23 3745.01 3752.32
65 4069.11 4052.96 4037.1 4021.71 4006.82 3992.43 3978.55 3965.21 3952.4 3940.16 3928.47 3917.37 3906.84 3896.91 3887.67 3878.94 3870.82 3863.32 3856.45 3850.2 3844.59 3839.61 3835.27 3831.57 3828.51 3826.08 3824.29 3823.14 3822.63 3822.74 3823.47 3824.83 3826.81 3829.4 3832.6 3836.39 3840.78 3845.75 3851.29 3857.39 3864.05 3871.24
65 4045.36 4029.31 4013.52 3998.19 3983.34 3968.97 3955.12 3941.78 3928.98 3916.73 3905.04 3893.92 3883.38 3873.43 3864.18 3855.43 3847.3 3839.79 3832.91 3826.66 3821.04 3816.07 3811.73 3808.04 3804.98 3802.57 3800.8 3799.67 3799.18 3799.31 3800.07 3801.45 3803.45 3806.05 3809.26 3813.06 3817.44 3822.4 3827.92 3833.98 3840.59 3847.72
66 4172.26 4156.18 4140.35 4124.97 4110.05 4095.6 4081.66 4068.22 4055.31 4042.94 4031.12 4019.87 4009.19 3999.1 3989.69 3980.79 3972.5 3964.83 3957.78 3951.36 3945.57 3940.42 3935.9 3932.03 3928.79 3926.2 3924.24 3922.92 3922.24 3922.17 3922.73 3923.91 3925.7 3928.1 3931.09 3934.67 3938.83 3943.56 3948.84 3954.66 3961.01 3967.88
66 4148.54 4132.51 4116.72 4101.36 4086.46 4072.03 4058.09 4044.65 4031.74 4019.36 4007.54 3996.27 3985.58 3975.48 3966.07 3957.16 3948.86 3941.18 3934.12 3927.7 3921.91 3916.76 3912.25 3908.38 3905.16 3902.57 3900.63 3899.32 3898.65 3898.6 3899.17 3900.37 3902.17 3904.58 3907.58 3911.16 3915.32 3920.03 3925.3 3931.1 3937.42 3944.24
