Orders fit with Mirek Brandt's and Tim Brandt's echelle_orders.py for iord=0,66, ifib=0,1, 20. Fit on 2018-11-29 on file cptnrs03-fa13-20181128-0005-w00.fits.fz
nfib 2 0 1
iord 41.0 138.0 236.0 334.0 432.0 530.0 628.0 726.0 824.0 922.0 1020.0 1118.0 1216.0 1314.0 1411.0 1509.0 1607.0 1705.0 1803.0 1901.0 1999.0 2097.0 2195.0 2293.0 2391.0 2489.0 2587.0 2685.0 2782.0 2880.0 2978.0 3076.0 3174.0 3272.0 3370.0 3468.0 3566.0 3664.0 3762.0 3860.0 3958.0 4056.0
0 196.37 183.88 171.94 160.65 150.02 140.03 130.69 121.99 113.92 106.48 99.67 93.47 87.89 82.92 78.6 74.84 71.69 69.14 67.19 65.85 65.11 64.96000000000001 65.42 66.48 68.15 70.42 73.29 76.77 80.82 85.51 90.83 96.76 103.32 110.51 118.33 126.78 135.89 145.64 156.04 167.11 178.85 191.27
0 179.06 166.51 154.52 143.2 132.54 122.54 113.19 104.49 96.42 88.99 82.18 75.99 70.43 65.47 61.17 57.42 54.28 51.75 49.81 48.47 47.73 47.59 48.05 49.1 50.76 53.01 55.87 59.34 63.37 68.04 73.34 79.25 85.79 92.95 100.75 109.19 118.28 128.01999999999998 138.42 149.49 161.24 173.67
1 230.1 217.58 205.59 194.27 183.61 173.6 164.23 155.5 147.41 139.94 133.1 126.88 121.28 116.29 111.96 108.18 105.01 102.45 100.48 99.12 98.36 98.2 98.65 99.69 101.34 103.59 106.44 109.9 113.93 118.6 123.9 129.8 136.34 143.49 151.28 159.7 168.77 178.48 188.84 199.86 211.55 223.91
1 212.62 200.07 188.07 176.73 166.06 156.05 146.68 137.96 129.87 122.42 115.59 109.38 103.79 98.81 94.48 90.71 87.55 84.98 83.02 81.66 80.9 80.73 81.16 82.2 83.83 86.06 88.9 92.34 96.35 101.01 106.28 112.17 118.69 125.83 133.61 142.03 151.09 160.81 171.19 182.23 193.95 206.35
2 264.14 251.56 239.52 228.16 217.46 207.42 198.03 189.29 181.18 173.7 166.85 160.62 155.01 150.01 145.67 141.88 138.7 136.12 134.14 132.77 131.99 131.81 132.22 133.24 134.86 137.08 139.9 143.32 147.31 151.95 157.21 163.08 169.57 176.7 184.45 192.85 201.89 211.58 221.93 232.95 244.64 257.01
2 246.51 233.95 221.94 210.59 199.91 189.88 180.49 171.75 163.65 156.17 149.32 143.09 137.47 132.47 128.12 124.32 121.13 118.54 116.55 115.16 114.37 114.18 114.58 115.59 117.19 119.4 122.21 125.63 129.61 134.24 139.49 145.36 151.85 158.97 166.73 175.13 184.18 193.88 204.24 215.28 226.99 239.38
3 298.44 285.87 273.84 262.48 251.78 241.72 232.32 223.55 215.42 207.91 201.03 194.78 189.13 184.1 179.73 175.91 172.69 170.08 168.07 166.67 165.86 165.65 166.04 167.03 168.62 170.81 173.61 177.01 180.98 185.6 190.83 196.69 203.16 210.27 218.0 226.37 235.39 245.06 255.38 266.36 278.02 290.36
3 280.85 268.28 256.26 244.89 234.18 224.12 214.71 205.93 197.79 190.27 183.38 177.11 171.46 166.42 162.03 158.2 154.98 152.36 150.34 148.93 148.11 147.9 148.28 149.27 150.86 153.06 155.85 159.26 163.23 167.85 173.09 178.95 185.43 192.53 200.27 208.65 217.66 227.33 237.65 248.63 260.28 272.61
4 333.24 320.64 308.58 297.18 286.45 276.36 266.93 258.13 249.97 242.44 235.53 229.24 223.58 218.52 214.12 210.27 207.03 204.4 202.37 200.93 200.1 199.87 200.23 201.2 202.77 204.94 207.71 211.09 215.04 219.63 224.84 230.67 237.12 244.2 251.91 260.26 269.25 278.89 289.18 300.14 311.77 324.07
4 315.61 302.98 290.89 279.48 268.74 258.65 249.21 240.42 232.26 224.73 217.83 211.55 205.89 200.84 196.44 192.6 189.36 186.73 184.7 183.26 182.43 182.19 182.55 183.51 185.07 187.23 189.99 193.36 197.29 201.87 207.07 212.89 219.33 226.4 234.1 242.44 251.43 261.08 271.38 282.35 294.0 306.34
5 368.43 355.8 343.71 332.3 321.54 311.43 301.97 293.15 284.97 277.41 270.48 264.18 258.48 253.4 248.98 245.11 241.84 239.18 237.12 235.67 234.81 234.55 234.88 235.82 237.36 239.5 242.25 245.6 249.51 254.08 259.26 265.06 271.48 278.52 286.2 294.52 303.48 313.09 323.36 334.29 345.89 358.17
5 350.76 338.12 326.02 314.59 303.83 293.71 284.25 275.43 267.24 259.68 252.75 246.43 240.74 235.66 231.23 227.36 224.09 221.42 219.36 217.9 217.03 216.76 217.1 218.03 219.56 221.7 224.44 227.78 231.69 236.25 241.42 247.22 253.63 260.68 268.36 276.67 285.63 295.25 305.52 316.46 328.07 340.36
6 404.07 391.42 379.31 367.86 357.08 346.94 337.45 328.6 320.39 312.8 305.84 299.5 293.78 288.67 284.21 280.31 277.02 274.33 272.24 270.75 269.86 269.57 269.89 270.8 272.31 274.43 277.15 280.47 284.37 288.91 294.06 299.84 306.24 313.26 320.92 329.21 338.15 347.73 357.97 368.87 380.44 392.69
6 386.38 373.69 361.56 350.09 339.29 329.14 319.65 310.79 302.58 294.99 288.03 281.69 275.97 270.87 266.41 262.52 259.22 256.53 254.45 252.96 252.07 251.78 252.08 252.99 254.5 256.6 259.31 262.63 266.51 271.04 276.19 281.95 288.34 295.36 303.01 311.3 320.24 329.82 340.07 350.99 362.58 374.85
7 440.17 427.5 415.37 403.91 393.1 382.94 373.43 364.55 356.31 348.7 341.71 335.34 329.59 324.45 319.96 316.03 312.71 309.99 307.87 306.35 305.43 305.11 305.4 306.28 307.76 309.85 312.54 315.84 319.71 324.22 329.35 335.09 341.46 348.46 356.09 364.35 373.26 382.81 393.02 403.89 415.43 427.65
7 422.42 409.73 397.59 386.1 375.28 365.11 355.59 346.71 338.46 330.85 323.86 317.49 311.73 306.59 302.11 298.18 294.85 292.13 290.01 288.49 287.57 287.25 287.53 288.41 289.89 291.97 294.65 297.94 301.8 306.31 311.43 317.17 323.53 330.52 338.14 346.4 355.31 364.86 375.07 385.95 397.5 409.72
8 476.83 464.12 451.95 440.45 429.61 419.41 409.86 400.95 392.68 385.03 378.01 371.61 365.82 360.65 356.13 352.18 348.82 346.07 343.92 342.38 341.43 341.09 341.34 342.2 343.66 345.72 348.38 351.66 355.49 359.98 365.08 370.8 377.14 384.11 391.7 399.94 408.81 418.34 428.51 439.35 450.85 463.03
8 459.01 446.28 434.1 422.58 411.72 401.52 391.96 383.05 374.77 367.12 360.1 353.7 347.92 342.75 338.23 334.28 330.92 328.17 326.03 324.48 323.53 323.19 323.44 324.29 325.74 327.8 330.46 333.72 337.55 342.03 347.12 352.83 359.16 366.12 373.71 381.94 390.81 400.34 410.51 421.35 432.86 445.05
9 514.0 501.27 489.07 477.54 466.66 456.44 446.85 437.91 429.6 421.92 414.86 408.42 402.6 397.39 392.84 388.85 385.46 382.68 380.5 378.92 377.95 377.57 377.8 378.63 380.06 382.09 384.73 387.98 391.79 396.25 401.32 407.01 413.33 420.27 427.83 436.04 444.88 454.36 464.5 475.3 486.75 498.88
9 496.13 483.38 471.17 459.62 448.74 438.5 428.92 419.97 411.66 403.97 396.91 390.48 384.66 379.45 374.9 370.9 367.52 364.73 362.55 360.97 359.99 359.6 359.82 360.64 362.07 364.09 366.72 369.95 373.76 378.21 383.27 388.95 395.26 402.19 409.76 417.96 426.81 436.3 446.45 457.26 468.74 480.9
10 551.7 538.94 526.72 515.16 504.25 493.99 484.38 475.4 467.05 459.34 452.25 445.77 439.92 434.68 430.09 426.07 422.65 419.83 417.62 416.01 415.0 414.6 414.79 415.59 416.99 419.0 421.6 424.82 428.6 433.03 438.08 443.74 450.02 456.93 464.47 472.64 481.45 490.9 501.01 511.77 523.19 535.28
10 533.76 520.97 508.73 497.15 486.23 475.96 466.34 457.37 449.02 441.31 434.22 427.75 421.91 416.67 412.09 408.07 404.65 401.83 399.62 398.01 397.0 396.59 396.78 397.57 398.96 400.96 403.55 406.76 410.53 414.95 419.98 425.63 431.91 438.81 446.34 454.51 463.33 472.79 482.9 493.68 505.13 517.25
11 590.0 577.21 564.95 553.35 542.41 532.11 522.46 513.44 505.06 497.31 490.19 483.68 477.79 472.51 467.9 463.83 460.38 457.53 455.29 453.64 452.6 452.17 452.33 453.09 454.46 456.43 459.01 462.2 465.95 470.35 475.36 480.99 487.24 494.12 501.62 509.76 518.54 527.96 538.03 548.75 560.14 572.19
11 572.0 559.18 546.91 535.3 524.34 514.04 504.38 495.36 486.98 479.22 472.1 465.59 459.7 454.42 449.8 445.74 442.28 439.43 437.19 435.54 434.5 434.05 434.21 434.97 436.33 438.3 440.87 444.05 447.79 452.18 457.19 462.82 469.06 475.93 483.43 491.57 500.35 509.77 519.85 530.58 541.98 554.05
12 628.86 616.04 603.75 592.12 581.14 570.81 561.12 552.07 543.65 535.86 528.69 522.15 516.22 510.91 506.25 502.16 498.67 495.78 493.5 491.82 490.75 490.27 490.4 491.14 492.47 494.41 496.96 500.11 503.83 508.2 513.18 518.78 525.0 531.85 539.32 547.43 556.17 565.56 575.6 586.28 597.63 609.65
12 610.79 597.94 585.63 573.99 563.0 552.66 542.96 533.91 525.49 517.7 510.53 503.99 498.06 492.75 488.09 484.0 480.51 477.62 475.34 473.66 472.59 472.11 472.24 472.97 474.3 476.23 478.77 481.92 485.63 489.99 494.97 500.56 506.78 513.62 521.09 529.2 537.94 547.33 557.37 568.06 579.42 591.45
13 668.34 655.48 643.15 631.48 620.47 610.1 600.37 591.29 582.83 575.01 567.8 561.22 555.26 549.91 545.22 541.08 537.56 534.64 532.32 530.61 529.5 528.99 529.08 529.78 531.08 532.98 535.49 538.61 542.3 546.63 551.58 557.14 563.33 570.14 577.58 585.65 594.36 603.71 613.71 624.36 635.67 647.65
13 650.15 637.29 624.95 613.28 602.26 591.89 582.16 573.07 564.61 556.78 549.57 542.99 537.02 531.67 526.98 522.84 519.31 516.39 514.07 512.35 511.24 510.73 510.82 511.51 512.81 514.71 517.22 520.34 524.02 528.35 533.3 538.86 545.05 551.86 559.29 567.37 576.08 585.43 595.43 606.09 617.4 629.39
14 708.41 695.53 683.17 671.47 660.42 650.02 640.26 631.13 622.63 614.76 607.52 600.9 594.89 589.5 584.77 580.59 577.03 574.07 571.71 569.96 568.81 568.27 568.33 568.99 570.26 572.13 574.61 577.7 581.36 585.66 590.58 596.11 602.27 609.04 616.45 624.49 633.16 642.47 652.43 663.04 674.3 686.23
14 690.21 677.31 664.93 653.22 642.16 631.74 621.97 612.84 604.34 596.47 589.22 582.6 576.59 571.2 566.47 562.29 558.72 555.76 553.41 551.65 550.51 549.96 550.02 550.68 551.94 553.81 556.28 559.36 563.02 567.31 572.23 577.75 583.91 590.68 598.08 606.12 614.79 624.11 634.07 644.69 655.96 667.9
15 749.2 736.27 723.87 712.12 701.03 690.58 680.77 671.6 663.07 655.16 647.87 641.21 635.16 629.73 624.96 620.75 617.14 614.14 611.75 609.96 608.78 608.2 608.22 608.85 610.08 611.91 614.36 617.41 621.03 625.29 630.17 635.67 641.79 648.53 655.9 663.9 672.53 681.8 691.72 702.29 713.52 725.4
15 730.89 717.95 705.54 693.79 682.69 672.24 662.43 653.25 644.71 636.8 629.51 622.84 616.79 611.36 606.58 602.36 598.76 595.75 593.36 591.57 590.38 589.8 589.82 590.44 591.67 593.51 595.95 599.0 602.61 606.88 611.76 617.26 623.38 630.12 637.49 645.49 654.13 663.4 673.33 683.9 695.14 707.03
16 790.6 777.64 765.2 753.41 742.28 731.79 721.94 712.73 704.15 696.19 688.87 682.16 676.07 670.6 665.79 661.53 657.88 654.85 652.41 650.59 649.36 648.75 648.73 649.32 650.52 652.32 654.73 657.74 661.33 665.56 670.41 675.87 681.95 688.66 695.99 703.95 712.55 721.78 731.66 742.19 753.37 765.2
16 772.24 759.26 746.81 735.01 723.87 713.37 703.52 694.3 685.72 677.77 670.44 663.73 657.64 652.16 647.35 643.09 639.44 636.4 633.97 632.14 630.92 630.3 630.28 630.87 632.06 633.86 636.26 639.28 642.86 647.09 651.93 657.39 663.47 670.18 677.51 685.47 694.07 703.31 713.19 723.72 734.91 746.76
17 832.72 819.71 807.22 795.39 784.22 773.68 763.79 754.53 745.91 737.91 730.54 723.79 717.66 712.14 707.29 702.99 699.3 696.22 693.75 691.88 690.62 689.96 689.91 690.46 691.62 693.38 695.75 698.73 702.27 706.47 711.28 716.7 722.75 729.41 736.71 744.63 753.19 762.38 772.22 782.71 793.84 805.64
17 814.26 801.25 788.76 776.93 765.75 755.21 745.32 736.06 727.43 719.43 712.05 705.3 699.16 693.64 688.79 684.48 680.79 677.71 675.23 673.36 672.1 671.44 671.38 671.93 673.08 674.84 677.21 680.19 683.74 687.93 692.74 698.17 704.21 710.88 718.18 726.1 734.66 743.86 753.7 764.19 775.34 787.14
18 875.49 862.45 849.93 838.07 826.85 816.27 806.34 797.04 788.37 780.33 772.92 766.12 759.95 754.39 749.49 745.15 741.41 738.29 735.77 733.86 732.56 731.86 731.76 732.27 733.39 735.11 737.44 740.38 743.89 748.05 752.82 758.2 764.21 770.84 778.09 785.97 794.49 803.64 813.43 823.87 834.96 846.71
18 856.97 843.92 831.39 819.52 808.3 797.72 787.78 778.48 769.8 761.76 754.34 747.55 741.37 735.8 730.9 726.56 722.82 719.7 717.18 715.27 713.96 713.26 713.16 713.67 714.78 716.5 718.83 721.77 725.27 729.43 734.2 739.58 745.59 752.22 759.47 767.36 775.88 785.04 794.84 805.29 816.39 828.15
19 919.06 905.95 893.38 881.46 870.19 859.56 849.58 840.23 831.52 823.43 815.97 809.14 802.92 797.32 792.37 787.99 784.22 781.05 778.5 776.54 775.2 774.46 774.32 774.79 775.86 777.54 779.83 782.73 786.2 790.31 795.04 800.38 806.35 812.93 820.15 827.99 836.47 845.58 855.34 865.75 876.8 888.52
19 900.44 887.35 874.77 862.86 851.59 840.96 830.97 821.62 812.9 804.81 797.35 790.5 784.27 778.66 773.72 769.33 765.55 762.38 759.81 757.86 756.51 755.76 755.62 756.09 757.17 758.85 761.14 764.04 767.51 771.63 776.36 781.71 787.68 794.27 801.48 809.33 817.81 826.93 836.68 847.09 858.14 869.85
20 963.3 950.15 937.53 925.57 914.25 903.58 893.56 884.16 875.4 867.27 859.76 852.88 846.61 840.96 835.98 831.55 827.73 824.52 821.92 819.92 818.53 817.74 817.57 817.99 819.02 820.66 822.91 825.77 829.19 833.27 837.95 843.26 849.18 855.72 862.89 870.69 879.13 888.2 897.91 908.27 919.27 930.94
20 944.64 931.5 918.88 906.91 895.59 884.92 874.88 865.49 856.72 848.58 841.07 834.18 827.91 822.25 817.26 812.83 809.0 805.79 803.18 801.18 799.79 799.0 798.82 799.24 800.27 801.91 804.15 807.01 810.44 814.51 819.2 824.5 830.43 836.98 844.15 851.96 860.4 869.47 879.19 889.55 900.57 912.24
21 1008.35 995.15 982.47 970.45 959.09 948.36 938.28 928.84 920.03 911.85 904.3 897.36 891.05 885.36 880.32 875.85 871.98 868.73 866.08 864.04 862.6 861.77 861.55 861.93 862.92 864.51 866.71 869.53 872.91 876.94 881.58 886.84 892.72 899.22 906.34 914.1 922.49 931.52 941.19 951.5 962.47 974.1
21 989.6 976.41 963.74 951.72 940.35 929.63 919.54 910.1 901.28 893.09 885.53 878.59 872.27 866.57 861.53 857.05 853.18 849.92 847.27 845.22 843.78 842.95 842.72 843.1 844.09 845.68 847.89 850.7 854.08 858.12 862.76 868.02 873.91 880.41 887.55 895.31 903.7 912.73 922.41 932.73 943.7 955.32
22 1054.15 1040.9 1028.17 1016.1 1004.68 993.91 983.78 974.29 965.43 957.2 949.59 942.61 936.25 930.5 925.42 920.9 916.99 913.69 910.99 908.9 907.42 906.54 906.27 906.61 907.55 909.1 911.26 914.02 917.36 921.35 925.94 931.16 936.99 943.45 950.54 958.25 966.6 975.58 985.21 995.49 1006.41 1018.0
22 1035.33 1022.08 1009.36 997.28 985.86 975.09 964.95 955.46 946.59 938.36 930.75 923.76 917.39 911.64 906.56 902.03 898.11 894.81 892.11 890.02 888.53 887.66 887.38 887.72 888.66 890.21 892.37 895.13 898.48 902.46 907.06 912.28 918.12 924.58 931.67 939.38 947.73 956.72 966.35 976.62 987.54 999.12
23 1100.76 1087.46 1074.67 1062.55 1051.07 1040.25 1030.07 1020.52 1011.61 1003.33 995.67 988.64 982.23 976.44 971.31 966.74 962.77 959.42 956.68 954.54 953.01 952.08 951.76 952.05 952.94 954.44 956.55 959.27 962.56 966.5 971.05 976.22 982.01 988.42 995.46 1003.13 1011.43 1020.37 1029.96 1040.19 1051.08 1062.63
23 1081.85 1068.55 1055.77 1043.64 1032.17 1021.34 1011.15 1001.61 992.69 984.41 976.75 969.71 963.3 957.5 952.36 947.79 943.82 940.47 937.72 935.58 934.05 933.12 932.8 933.09 933.98 935.48 937.59 940.31 943.61 947.54 952.1 957.27 963.06 969.48 976.52 984.19 992.5 1001.44 1011.03 1021.26 1032.14 1043.68
24 1148.18 1134.81 1121.97 1109.79 1098.26 1087.37 1077.14 1067.54 1058.58 1050.24 1042.54 1035.45 1028.99 1023.15 1017.97 1013.35 1009.34 1005.94 1003.14 1000.96 999.38 998.4 998.04 998.27 999.12 1000.57 1002.63 1005.3 1008.54 1012.43 1016.93 1022.05 1027.79 1034.16 1041.15 1048.77 1057.03 1065.93 1075.47 1085.66 1096.51 1108.01
24 1129.18 1115.82 1102.98 1090.8 1079.28 1068.4 1058.16 1048.56 1039.59 1031.25 1023.54 1016.45 1009.99 1004.14 998.95 994.32 990.31 986.9 984.11 981.92 980.33 979.36 978.99 979.23 980.07 981.52 983.59 986.26 989.5 993.4 997.9 1003.03 1008.77 1015.14 1022.14 1029.77 1038.03 1046.93 1056.47 1066.66 1077.51 1089.01
25 1196.44 1183.01 1170.1 1157.86 1146.27 1135.33 1125.04 1115.38 1106.36 1097.98 1090.22 1083.08 1076.57 1070.67 1065.44 1060.77 1056.71 1053.26 1050.41 1048.18 1046.55 1045.52 1045.1 1045.29 1046.08 1047.48 1049.49 1052.11 1055.31 1059.15 1063.6 1068.67 1074.37 1080.68 1087.63 1095.21 1103.42 1112.27 1121.77 1131.92 1142.72 1154.19
25 1177.36 1163.95 1151.05 1138.81 1127.22 1116.28 1105.98 1096.32 1087.3 1078.91 1071.14 1064.0 1057.48 1051.58 1046.34 1041.66 1037.59 1034.14 1031.29 1029.05 1027.42 1026.39 1025.97 1026.16 1026.96 1028.36 1030.37 1033.0 1036.2 1040.04 1044.5 1049.58 1055.28 1061.6 1068.55 1076.13 1084.34 1093.2 1102.69 1112.84 1123.63 1135.09
26 1245.61 1232.1 1219.12 1206.81 1195.15 1184.15 1173.79 1164.07 1155.0 1146.55 1138.74 1131.55 1124.98 1119.03 1113.75 1109.02 1104.91 1101.41 1098.51 1096.22 1094.54 1093.46 1092.99 1093.13 1093.87 1095.22 1097.18 1099.74 1102.89 1106.67 1111.07 1116.09 1121.73 1128.0 1134.89 1142.42 1150.59 1159.39 1168.85 1178.95 1189.71 1201.14
26 1226.41 1212.93 1199.96 1187.66 1176.01 1165.01 1154.66 1144.94 1135.86 1127.41 1119.59 1112.39 1105.82 1099.86 1094.57 1089.84 1085.72 1082.21 1079.3 1077.01 1075.33 1074.25 1073.78 1073.91 1074.66 1076.01 1077.97 1080.54 1083.69 1087.48 1091.89 1096.92 1102.57 1108.84 1115.74 1123.27 1131.44 1140.25 1149.7 1159.8 1170.56 1181.97
27 1295.52 1281.96 1268.94 1256.57 1244.86 1233.8 1223.39 1213.62 1204.49 1195.99 1188.12 1180.87 1174.24 1168.24 1162.9 1158.12 1153.95 1150.38 1147.43 1145.09 1143.35 1142.22 1141.7 1141.78 1142.47 1143.77 1145.67 1148.19 1151.28 1155.02 1159.37 1164.34 1169.93 1176.15 1183.0 1190.48 1198.59 1207.35 1216.75 1226.81 1237.52 1248.89
27 1276.26 1262.72 1249.7 1237.34 1225.63 1214.58 1204.16 1194.39 1185.25 1176.75 1168.87 1161.62 1154.99 1148.98 1143.64 1138.85 1134.67 1131.11 1128.16 1125.81 1124.07 1122.94 1122.42 1122.5 1123.19 1124.49 1126.4 1128.92 1132.01 1135.76 1140.11 1145.09 1150.69 1156.91 1163.76 1171.24 1179.36 1188.12 1197.53 1207.58 1218.29 1229.66
28 1346.39 1332.77 1319.68 1307.25 1295.47 1284.35 1273.88 1264.05 1254.85 1246.29 1238.36 1231.06 1224.37 1218.31 1212.91 1208.07 1203.85 1200.23 1197.22 1194.82 1193.03 1191.84 1191.26 1191.29 1191.92 1193.16 1195.02 1197.48 1200.52 1204.2 1208.5 1213.42 1218.96 1225.12 1231.92 1239.35 1247.42 1256.13 1265.48 1275.49 1286.16 1297.5
28 1327.05 1313.44 1300.36 1287.93 1276.17 1265.05 1254.57 1244.74 1235.54 1226.98 1219.04 1211.73 1205.04 1198.97 1193.57 1188.73 1184.5 1180.88 1177.87 1175.46 1173.67 1172.48 1171.9 1171.93 1172.57 1173.81 1175.66 1178.13 1181.17 1184.86 1189.16 1194.09 1199.63 1205.8 1212.61 1220.04 1228.11 1236.82 1246.18 1256.18 1266.85 1278.17
29 1398.19 1384.5 1371.34 1358.84 1347.0 1335.81 1325.27 1315.38 1306.12 1297.5 1289.5 1282.14 1275.4 1269.27 1263.82 1258.92 1254.64 1250.96 1247.9 1245.44 1243.59 1242.35 1241.71 1241.68 1242.26 1243.44 1245.24 1247.65 1250.63 1254.26 1258.5 1263.36 1268.85 1274.96 1281.71 1289.08 1297.1 1305.76 1315.07 1325.03 1335.65 1346.94
29 1378.75 1365.07 1351.91 1339.42 1327.59 1316.4 1305.86 1295.97 1286.71 1278.09 1270.09 1262.72 1255.97 1249.85 1244.39 1239.49 1235.2 1231.52 1228.45 1225.99 1224.14 1222.9 1222.26 1222.24 1222.81 1224.0 1225.8 1228.21 1231.2 1234.83 1239.08 1243.95 1249.44 1255.56 1262.31 1269.69 1277.71 1286.37 1295.68 1305.64 1316.26 1327.55
30 1450.92 1437.15 1423.91 1411.34 1399.43 1388.18 1377.58 1367.62 1358.29 1349.61 1341.55 1334.13 1327.32 1321.14 1315.62 1310.67 1306.32 1302.59 1299.46 1296.95 1295.04 1293.74 1293.04 1292.96 1293.48 1294.6 1296.34 1298.69 1301.62 1305.19 1309.38 1314.19 1319.62 1325.68 1332.37 1339.69 1347.66 1356.26 1365.52 1375.43 1386.0 1397.24
30 1431.39 1417.64 1404.41 1391.85 1379.94 1368.69 1358.09 1348.12 1338.8 1330.11 1322.05 1314.62 1307.81 1301.62 1296.1 1291.14 1286.79 1283.06 1279.93 1277.41 1275.5 1274.2 1273.51 1273.42 1273.94 1275.07 1276.81 1279.17 1282.1 1285.68 1289.87 1294.69 1300.12 1306.19 1312.88 1320.21 1328.18 1336.79 1346.04 1355.95 1366.52 1377.76
31 1504.5 1490.68 1477.39 1464.76 1452.8 1441.48 1430.82 1420.79 1411.41 1402.66 1394.54 1387.05 1380.18 1373.93 1368.35 1363.33 1358.92 1355.13 1351.94 1349.36 1347.39 1346.03 1345.28 1345.13 1345.6 1346.67 1348.35 1350.64 1353.52 1357.03 1361.17 1365.92 1371.3 1377.3 1383.94 1391.21 1399.11 1407.67 1416.86 1426.72 1437.23 1448.4
31 1484.92 1471.11 1457.82 1445.19 1433.22 1421.9 1411.23 1401.21 1391.82 1383.07 1374.94 1367.45 1360.58 1354.32 1348.74 1343.72 1339.31 1335.51 1332.32 1329.74 1327.77 1326.41 1325.66 1325.51 1325.98 1327.05 1328.73 1331.03 1333.91 1337.43 1341.56 1346.32 1351.7 1357.71 1364.35 1371.63 1379.54 1388.09 1397.3 1407.16 1417.67 1428.85
32 1559.03 1545.16 1531.81 1519.12 1507.1 1495.72 1484.99 1474.91 1465.46 1456.65 1448.47 1440.91 1433.98 1427.67 1422.03 1416.94 1412.47 1408.61 1405.36 1402.72 1400.68 1399.26 1398.44 1398.24 1398.64 1399.65 1401.27 1403.5 1406.32 1409.77 1413.85 1418.54 1423.86 1429.81 1436.39 1443.6 1451.45 1459.95 1469.09 1478.89 1489.34 1500.46
32 1539.29 1525.44 1512.11 1499.44 1487.43 1476.06 1465.34 1455.25 1445.81 1436.99 1428.8 1421.24 1414.3 1407.99 1402.34 1397.25 1392.77 1388.9 1385.65 1383.01 1380.97 1379.55 1378.73 1378.52 1378.93 1379.94 1381.57 1383.81 1386.63 1390.09 1394.17 1398.88 1404.2 1410.16 1416.74 1423.96 1431.82 1440.31 1449.46 1459.25 1469.7 1480.81
33 1614.59 1600.66 1587.25 1574.5 1562.4 1550.96 1540.17 1530.02 1520.5 1511.62 1503.37 1495.75 1488.75 1482.37 1476.66 1471.51 1466.97 1463.04 1459.73 1457.02 1454.92 1453.43 1452.56 1452.28 1452.62 1453.57 1455.13 1457.3 1460.06 1463.46 1467.47 1472.11 1477.37 1483.26 1489.78 1496.93 1504.73 1513.16 1522.25 1531.99 1542.38 1553.44
33 1594.72 1580.82 1567.43 1554.7 1542.62 1531.19 1520.41 1510.26 1500.75 1491.87 1483.62 1475.99 1468.99 1462.6 1456.89 1451.73 1447.19 1443.26 1439.94 1437.23 1435.13 1433.64 1432.76 1432.49 1432.83 1433.79 1435.35 1437.53 1440.29 1443.69 1447.71 1452.36 1457.63 1463.52 1470.05 1477.21 1485.01 1493.45 1502.54 1512.28 1522.68 1533.73
34 1671.18 1657.17 1643.69 1630.87 1618.71 1607.2 1596.34 1586.12 1576.53 1567.58 1559.27 1551.57 1544.5 1538.06 1532.28 1527.06 1522.46 1518.46 1515.08 1512.31 1510.15 1508.59 1507.65 1507.31 1507.58 1508.47 1509.96 1512.07 1514.76 1518.1 1522.05 1526.62 1531.82 1537.65 1544.11 1551.21 1558.94 1567.32 1576.35 1586.03 1596.37 1607.38
34 1651.21 1637.24 1623.79 1610.99 1598.85 1587.35 1576.5 1566.28 1556.7 1547.75 1539.43 1531.73 1524.66 1518.21 1512.43 1507.2 1502.59 1498.59 1495.21 1492.43 1490.26 1488.71 1487.76 1487.43 1487.71 1488.59 1490.09 1492.21 1494.91 1498.25 1502.21 1506.79 1512.0 1517.83 1524.3 1531.4 1539.13 1547.51 1556.54 1566.21 1576.54 1587.53
35 1728.89 1714.8 1701.23 1688.33 1676.09 1664.5 1653.55 1643.26 1633.6 1624.57 1616.18 1608.41 1601.27 1594.75 1588.91 1583.62 1578.95 1574.88 1571.43 1568.59 1566.36 1564.74 1563.73 1563.33 1563.53 1564.35 1565.78 1567.83 1570.45 1573.72 1577.61 1582.12 1587.26 1593.03 1599.42 1606.46 1614.13 1622.45 1631.42 1641.04 1651.33 1662.28
35 1708.86 1694.8 1681.26 1668.37 1656.14 1644.56 1633.62 1623.32 1613.67 1604.64 1596.24 1588.47 1581.33 1574.8 1568.95 1563.66 1558.98 1554.91 1551.46 1548.61 1546.38 1544.76 1543.75 1543.34 1543.55 1544.38 1545.81 1547.86 1550.5 1553.78 1557.67 1562.19 1567.34 1573.11 1579.52 1586.56 1594.24 1602.57 1611.54 1621.16 1631.45 1642.39
36 1787.62 1773.45 1759.8 1746.82 1734.5 1722.83 1711.81 1701.44 1691.7 1682.6 1674.14 1666.3 1659.08 1652.49 1646.57 1641.21 1636.46 1632.33 1628.81 1625.9 1623.59 1621.9 1620.82 1620.35 1620.49 1621.23 1622.6 1624.57 1627.13 1630.34 1634.16 1638.61 1643.68 1649.38 1655.71 1662.69 1670.3 1678.56 1687.47 1697.04 1707.27 1718.17
36 1767.49 1753.35 1739.72 1726.76 1714.45 1702.79 1691.77 1681.4 1671.67 1662.57 1654.1 1646.25 1639.03 1632.43 1626.51 1621.15 1616.4 1612.26 1608.73 1605.82 1603.52 1601.83 1600.75 1600.28 1600.42 1601.18 1602.55 1604.53 1607.1 1610.31 1614.14 1618.6 1623.68 1629.39 1635.73 1642.7 1650.32 1658.58 1667.48 1677.04 1687.26 1698.14
37 1847.43 1833.18 1819.44 1806.38 1793.98 1782.23 1771.13 1760.68 1750.86 1741.69 1733.14 1725.22 1717.93 1711.27 1705.28 1699.84 1695.02 1690.81 1687.22 1684.23 1681.86 1680.1 1678.94 1678.4 1678.47 1679.15 1680.44 1682.35 1684.84 1687.98 1691.73 1696.11 1701.12 1706.75 1713.02 1719.93 1727.48 1735.67 1744.52 1754.02 1764.19 1775.02
37 1827.22 1812.99 1799.27 1786.22 1773.83 1762.09 1750.99 1740.54 1730.73 1721.55 1713.01 1705.09 1697.79 1691.12 1685.13 1679.69 1674.86 1670.65 1667.05 1664.07 1661.69 1659.93 1658.78 1658.24 1658.31 1659.0 1660.3 1662.21 1664.71 1667.85 1671.61 1676.0 1681.01 1686.66 1692.93 1699.85 1707.4 1715.6 1724.44 1733.94 1744.1 1754.93
38 1908.28 1893.95 1880.15 1867.0 1854.52 1842.7 1831.52 1820.99 1811.1 1801.85 1793.23 1785.23 1777.87 1771.12 1765.06 1759.54 1754.65 1750.36 1746.69 1743.64 1741.19 1739.35 1738.12 1737.51 1737.5 1738.11 1739.33 1741.17 1743.59 1746.66 1750.34 1754.65 1759.59 1765.16 1771.36 1778.2 1785.68 1793.81 1802.59 1812.03 1822.13 1832.9
38 1887.92 1873.63 1859.85 1846.73 1834.27 1822.45 1811.29 1800.76 1790.88 1781.62 1773.0 1765.0 1757.63 1750.88 1744.81 1739.29 1734.39 1730.1 1726.43 1723.37 1720.92 1719.08 1717.86 1717.25 1717.25 1717.86 1719.09 1720.93 1723.36 1726.44 1730.13 1734.45 1739.4 1744.98 1751.19 1758.03 1765.52 1773.65 1782.43 1791.87 1801.97 1812.72
39 1970.23 1955.84 1941.97 1928.76 1916.2 1904.3 1893.05 1882.44 1872.47 1863.14 1854.44 1846.36 1838.92 1832.09 1825.95 1820.35 1815.37 1811.01 1807.26 1804.13 1801.6 1799.69 1798.39 1797.7 1797.62 1798.15 1799.3 1801.07 1803.42 1806.41 1810.03 1814.27 1819.14 1824.64 1830.77 1837.54 1844.95 1853.01 1861.72 1871.09 1881.11 1891.81
39 1949.78 1935.43 1921.58 1908.39 1895.86 1883.97 1872.73 1862.12 1852.15 1842.82 1834.11 1826.03 1818.58 1811.75 1805.6 1800.0 1795.01 1790.64 1786.89 1783.75 1781.23 1779.31 1778.01 1777.33 1777.25 1777.79 1778.95 1780.72 1783.08 1786.09 1789.72 1793.97 1798.84 1804.35 1810.49 1817.26 1824.68 1832.73 1841.44 1850.79 1860.8 1871.48
40 2033.38 2018.91 2004.95 1991.65 1979.02 1967.03 1955.7 1945.01 1934.96 1925.54 1916.76 1908.6 1901.07 1894.17 1887.94 1882.27 1877.21 1872.77 1868.94 1865.73 1863.12 1861.13 1859.75 1858.98 1858.82 1859.28 1860.35 1862.04 1864.32 1867.24 1870.78 1874.95 1879.74 1885.17 1891.23 1897.93 1905.27 1913.26 1921.91 1931.21 1941.17 1951.8
40 2012.79 1998.36 1984.44 1971.17 1958.56 1946.59 1935.26 1924.58 1914.53 1905.12 1896.33 1888.17 1880.64 1873.73 1867.5 1861.82 1856.75 1852.31 1848.48 1845.26 1842.65 1840.66 1839.28 1838.52 1838.37 1838.83 1839.91 1841.61 1843.9 1846.83 1850.39 1854.57 1859.37 1864.81 1870.88 1877.59 1884.94 1892.93 1901.57 1910.86 1920.81 1931.42
41 2097.75 2083.19 2069.15 2055.77 2043.05 2030.98 2019.55 2008.78 1998.64 1989.13 1980.26 1972.02 1964.4 1957.41 1951.1 1945.34 1940.2 1935.67 1931.76 1928.46 1925.77 1923.7 1922.24 1921.39 1921.16 1921.54 1922.53 1924.14 1926.35 1929.2 1932.66 1936.76 1941.48 1946.83 1952.82 1959.45 1966.72 1974.64 1983.21 1992.43 2002.32 2012.88
41 2077.04 2062.53 2048.52 2035.16 2022.46 2010.41 1998.99 1988.22 1978.09 1968.59 1959.72 1951.47 1943.85 1936.85 1930.54 1924.78 1919.63 1915.1 1911.18 1907.88 1905.2 1903.13 1901.67 1900.82 1900.59 1900.98 1901.98 1903.6 1905.82 1908.67 1912.15 1916.25 1920.99 1926.35 1932.35 1938.98 1946.26 1954.18 1962.75 1971.97 1981.86 1992.4
42 2163.34 2148.68 2134.54 2121.06 2108.24 2096.08 2084.56 2073.69 2063.46 2053.87 2044.91 2036.58 2028.88 2021.8 2015.41 2009.56 2004.34 1999.73 1995.73 1992.35 1989.58 1987.43 1985.88 1984.95 1984.64 1984.94 1985.85 1987.39 1989.51 1992.28 1995.67 1999.69 2004.33 2009.61 2015.52 2022.08 2029.27 2037.12 2045.62 2054.78 2064.6 2075.09
42 2142.51 2127.9 2113.79 2100.35 2087.55 2075.4 2063.9 2053.04 2042.82 2033.23 2024.27 2015.94 2008.23 2001.15 1994.75 1988.9 1983.67 1979.05 1975.05 1971.67 1968.9 1966.74 1965.2 1964.28 1963.97 1964.27 1965.2 1966.74 1968.87 1971.65 1975.05 1979.08 1983.73 1989.02 1994.95 2001.51 2008.71 2016.56 2025.07 2034.22 2044.04 2054.52
43 2230.14 2215.39 2201.15 2187.58 2174.67 2162.42 2150.81 2139.85 2129.53 2119.84 2110.79 2102.37 2094.58 2087.41 2080.93 2075.0 2069.68 2064.98 2060.9 2057.43 2054.57 2052.33 2050.7 2049.69 2049.29 2049.5 2050.33 2051.78 2053.83 2056.51 2059.82 2063.76 2068.32 2073.52 2079.35 2085.83 2092.95 2100.72 2109.14 2118.22 2127.97 2138.39
43 2209.19 2194.49 2180.3 2166.76 2153.87 2141.63 2130.04 2119.09 2108.77 2099.09 2090.04 2081.61 2073.82 2066.64 2060.15 2054.21 2048.8900000000003 2044.19 2040.1 2036.63 2033.78 2031.54 2029.91 2028.9 2028.51 2028.73 2029.57 2031.03 2033.09 2035.78 2039.1 2043.05 2047.63 2052.84 2058.69 2065.17 2072.3 2080.07 2088.49 2097.57 2107.31 2117.71
44 2298.24 2283.39 2269.05 2255.38 2242.37 2230.02 2218.31 2207.25 2196.84 2187.06 2177.91 2169.4 2161.51 2154.25 2147.67 2141.65 2136.24 2131.45 2127.28 2123.72 2120.78 2118.45 2116.73 2115.63 2115.15 2115.28 2116.02 2117.39 2119.35 2121.96 2125.18 2129.04 2133.52 2138.64 2144.4 2150.79 2157.83 2165.52 2173.87 2182.87 2192.54 2202.87
44 2277.22 2262.41 2248.11 2234.46 2221.47 2209.13 2197.43 2186.38 2175.96 2166.18 2157.03 2148.52 2140.62 2133.36 2126.77 2120.74 2115.33 2110.54 2106.36 2102.81 2099.86 2097.53 2095.82 2094.73 2094.25 2094.39 2095.14 2096.52 2098.5 2101.11 2104.35 2108.22 2112.71 2117.84 2123.6 2130.01 2137.05 2144.74 2153.09 2162.08 2171.74 2182.05
45 2367.43 2352.51 2338.1 2324.35 2311.26 2298.82 2287.03 2275.89 2265.38 2255.51 2246.28 2237.67 2229.69 2222.33 2215.66 2209.54 2204.04 2199.16 2194.9 2191.24 2188.21 2185.79 2183.98 2182.79 2182.22 2182.26 2182.92 2184.2 2186.07 2188.59 2191.73 2195.51 2199.91 2204.94 2210.61 2216.93 2223.89 2231.5 2239.76 2248.68 2258.26 2268.52
45 2346.24 2331.37 2317.0 2303.29 2290.23 2277.81 2266.03 2254.9 2244.4 2234.53 2225.29 2216.68 2208.69 2201.33 2194.66 2188.53 2183.03 2178.14 2173.87 2170.22 2167.19 2164.77 2162.97 2161.78 2161.21 2161.26 2161.94 2163.23 2165.12 2167.65 2170.8 2174.58 2179.0 2184.04 2189.72 2196.04 2203.0 2210.61 2218.86 2227.76 2237.33 2247.55
46 2438.03 2423.03 2408.53 2394.7 2381.51 2368.98 2357.1 2345.85 2335.25 2325.28 2315.94 2307.24 2299.16 2291.7 2284.94 2278.72 2273.12 2268.14 2263.78 2260.03 2256.9 2254.39 2252.49 2251.21 2250.54 2250.5 2251.07 2252.26 2254.05 2256.48 2259.54 2263.23 2267.54 2272.49 2278.08 2284.31 2291.18 2298.7 2306.88 2315.71 2325.2 2335.35
46 2416.73 2401.78 2387.32 2373.52 2360.36 2347.85 2335.98 2324.74 2314.14 2304.18 2294.84 2286.13 2278.05 2270.59 2263.82 2257.6 2252.0 2247.01 2242.65 2238.9 2235.77 2233.25 2231.36 2230.08 2229.42 2229.38 2229.96 2231.16 2232.96 2235.4 2238.47 2242.17 2246.5 2251.47 2257.07 2263.31 2270.19 2277.72 2285.9 2294.73 2304.22 2314.38
47 2509.84 2494.78 2480.21 2466.3 2453.04 2440.42 2428.45 2417.12 2406.42 2396.36 2386.92 2378.12 2369.94 2362.38 2355.52 2349.2 2343.5 2338.42 2333.96 2330.12 2326.89 2324.28 2322.28 2320.91 2320.15 2320.01 2320.49 2321.59 2323.29 2325.63 2328.6 2332.2 2336.43 2341.29 2346.79 2352.93 2359.72 2367.15 2375.24 2383.98 2393.38 2403.44
47 2488.43 2473.41 2458.89 2445.01 2431.78 2419.18 2407.22 2395.9 2385.21 2375.15 2365.71 2356.91 2348.72 2341.16 2334.29 2327.97 2322.26 2317.18 2312.71 2308.87 2305.64 2303.03 2301.03 2299.66 2298.91 2298.77 2299.26 2300.37 2302.09 2304.44 2307.42 2311.03 2315.28 2320.15 2325.66 2331.81 2338.6 2346.04 2354.12 2362.85 2372.24 2382.29
48 2583.19 2568.02 2553.35 2539.34 2525.97 2513.26 2501.18 2489.75 2478.95 2468.78 2459.24 2450.34 2442.06 2434.4 2427.44 2421.02 2415.22 2410.04 2405.47 2401.53 2398.2 2395.49 2393.4 2391.92 2391.06 2390.82 2391.21 2392.21 2393.82 2396.06 2398.94 2402.44 2406.58 2411.35 2416.75 2422.8 2429.5 2436.84 2444.83 2453.49 2462.8 2472.78
48 2561.64 2546.53 2531.92 2517.95 2504.61 2491.92 2479.86 2468.43 2457.64 2447.47 2437.93 2429.02 2420.73 2413.07 2406.09 2399.66 2393.86 2388.67 2384.1 2380.16 2376.83 2374.12 2372.03 2370.56 2369.71 2369.49 2369.88 2370.9 2372.53 2374.79 2377.68 2381.2 2385.35 2390.13 2395.55 2401.6 2408.29 2415.63 2423.61 2432.24 2441.52 2451.46
49 2657.96 2642.7 2627.94 2613.82 2600.36 2587.53 2575.35 2563.81 2552.9 2542.62 2532.97 2523.95 2515.56 2507.79 2500.72 2494.19 2488.28 2483.0 2478.33 2474.28 2470.85 2468.03 2465.84 2464.27 2463.31 2462.98 2463.26 2464.18 2465.69 2467.84 2470.63 2474.04 2478.08 2482.76 2488.07 2494.02 2500.62 2507.86 2515.75 2524.3 2533.5 2543.36
49 2636.29 2621.08 2606.36 2592.28 2578.84 2566.03 2553.87 2542.33 2531.43 2521.16 2511.51 2502.49 2494.1 2486.33 2479.25 2472.72 2466.81 2461.52 2456.85 2452.8 2449.37 2446.56 2444.37 2442.8 2441.85 2441.52 2441.82 2442.74 2444.27 2446.43 2449.23 2452.65 2456.7 2461.39 2466.71 2472.68 2479.28 2486.52 2494.41 2502.95 2512.14 2521.99
50 2734.09 2718.74 2703.88 2689.67 2676.1 2663.17 2650.88 2639.23 2628.22 2617.83 2608.08 2598.95 2590.45 2582.58 2575.39 2568.76 2562.74 2557.35 2552.57 2548.42 2544.88 2541.96 2539.66 2537.99 2536.93 2536.49 2536.68 2537.49 2538.91 2540.96 2543.65 2546.96 2550.9 2555.48 2560.7 2566.56 2573.06 2580.2 2587.99 2596.44 2605.54 2615.3
50 2712.32 2697.02 2682.2 2668.02 2654.48 2641.57 2629.3 2617.66 2606.65 2596.27 2586.51 2577.38 2568.88 2561.0 2553.82 2547.18 2541.16 2535.76 2530.98 2526.82 2523.29 2520.37 2518.08 2516.41 2515.36 2514.93 2515.12 2515.94 2517.37 2519.44 2522.13 2525.46 2529.41 2534.0 2539.23 2545.09 2551.6 2558.74 2566.53 2574.97 2584.06 2593.8
51 2811.82 2796.35 2781.37 2767.03 2753.35 2740.31 2727.9 2716.14 2705.01 2694.51 2684.64 2675.4 2666.79 2658.8 2651.51 2644.76 2638.63 2633.13 2628.24 2623.98 2620.33 2617.31 2614.9 2613.12 2611.95 2611.41 2611.49 2612.19 2613.5 2615.45 2618.03 2621.24 2625.08 2629.56 2634.68 2640.43 2646.83 2653.87 2661.57 2669.92 2678.92 2688.59
51 2789.89 2774.48 2759.55 2745.26 2731.6 2718.58 2706.19 2694.44 2683.31 2672.81 2662.94 2653.7 2645.08 2637.09 2629.79 2623.04 2616.91 2611.4 2606.51 2602.24 2598.6 2595.58 2593.18 2591.4 2590.25 2589.72 2589.81 2590.53 2591.85 2593.82 2596.41 2599.64 2603.49 2607.98 2613.11 2618.87 2625.27 2632.31 2639.99 2648.32 2657.29 2666.92
52 2890.78 2875.23 2860.17 2845.76 2831.98 2818.85 2806.35 2794.48 2783.25 2772.64 2762.67 2753.32 2744.6 2736.5 2729.09 2722.23 2715.99 2710.37 2705.37 2700.99 2697.24 2694.1 2691.58 2689.68 2688.41 2687.76 2687.73 2688.32 2689.53 2691.37 2693.85 2696.95 2700.69 2705.06 2710.07 2715.72 2722.01 2728.95 2736.54 2744.78 2753.67 2763.23
52 2868.72 2853.25 2838.24 2823.87 2810.13 2797.02 2784.53 2772.68 2761.45 2750.85 2740.87 2731.51 2722.78 2714.67 2707.26 2700.39 2694.14 2688.52 2683.51 2679.13 2675.37 2672.24 2669.72 2667.83 2666.57 2665.93 2665.91 2666.52 2667.75 2669.61 2672.09 2675.21 2678.97 2683.35 2688.37 2694.03 2700.33 2707.26 2714.84 2723.06 2731.93 2741.44
53 2971.29 2955.68 2940.55 2926.05 2912.18 2898.95 2886.35 2874.38 2863.04 2852.32 2842.23 2832.76 2823.92 2815.7 2808.17 2801.19 2794.83 2789.09 2783.97 2779.47 2775.59 2772.34 2769.71 2767.69 2766.31 2765.54 2765.4 2765.89 2766.99 2768.73 2771.09 2774.09 2777.72 2781.99 2786.89 2792.44 2798.62 2805.45 2812.92 2821.05 2829.82 2839.25
53 2949.09 2933.55 2918.47 2904.01 2890.18 2876.98 2864.4 2852.44 2841.1 2830.39 2820.29 2810.82 2801.97 2793.75 2786.22 2779.23 2772.86 2767.12 2761.99 2757.49 2753.62 2750.36 2747.73 2745.73 2744.35 2743.6 2743.47 2743.97 2745.09 2746.84 2749.23 2752.24 2755.89 2760.17 2765.08 2770.64 2776.83 2783.66 2791.13 2799.24 2807.99 2817.39
54 3053.2 3037.54 3022.35 3007.78 2993.84 2980.52 2967.83 2955.76 2944.31 2933.49 2923.29 2913.71 2904.75 2896.41 2888.77 2881.67 2875.19 2869.33 2864.09 2859.47 2855.47 2852.1 2849.35 2847.22 2845.72 2844.84 2844.58 2844.96 2845.95 2847.57 2849.82 2852.71 2856.22 2860.38 2865.16 2870.59 2876.65 2883.36 2890.7 2898.69 2907.33 2916.62
54 3030.86 3015.28 3000.15 2985.63 2971.73 2958.45 2945.77 2933.72 2922.28 2911.45 2901.25 2891.66 2882.69 2874.35 2866.7 2859.58 2853.09 2847.22 2841.98 2837.36 2833.36 2829.99 2827.24 2825.12 2823.63 2822.76 2822.52 2822.91 2823.92 2825.56 2827.84 2830.74 2834.28 2838.44 2843.24 2848.68 2854.74 2861.44 2868.78 2876.75 2885.36 2894.6
55 3136.97 3121.23 3105.94 3091.28 3077.24 3063.81 3051.01 3038.82 3027.26 3016.31 3005.98 2996.28 2987.19 2978.72 2970.95 2963.72 2957.11 2951.12 2945.75 2941.01 2936.89 2933.39 2930.52 2928.27 2926.64 2925.65 2925.28 2925.53 2926.41 2927.92 2930.06 2932.84 2936.24 2940.28 2944.96 2950.27 2956.22 2962.81 2970.04 2977.91 2986.42 2995.58
55 3114.49 3098.84 3083.62 3069.0 3055.0 3041.6 3028.82 3016.64 3005.08 2994.14 2983.81 2974.09 2965.0 2956.52 2948.74 2941.5 2934.88 2928.89 2923.51 2918.77 2914.64 2911.15 2908.28 2906.04 2904.42 2903.44 2903.08 2903.36 2904.25 2905.78 2907.94 2910.73 2914.15 2918.21 2922.9 2928.21 2934.16 2940.75 2947.96 2955.81 2964.29 2973.4
56 3222.39 3206.56 3191.18 3176.41 3162.26 3148.72 3135.8 3123.49 3111.8 3100.73 3090.28 3080.44 3071.22 3062.63 3054.73 3047.36 3040.62 3034.5 3029.0 3024.13 3019.88 3016.25 3013.25 3010.88 3009.13 3008.01 3007.52 3007.65 3008.41 3009.8 3011.82 3014.47 3017.76 3021.68 3026.23 3031.42 3037.25 3043.71 3050.82 3058.56 3066.94 3075.96
56 3199.78 3184.04 3168.73 3154.01 3139.9 3126.4 3113.49 3101.2 3089.52 3078.44 3067.98 3058.14 3048.91 3040.3 3032.39 3025.02 3018.26 3012.14 3006.63 3001.76 2997.51 2993.88 2990.89 2988.52 2986.78 2985.68 2985.2 2985.36 2986.13 2987.54 2989.58 2992.25 2995.56 2999.49 3004.05 3009.24 3015.07 3021.52 3028.59 3036.3 3044.63 3053.59
57 3309.49 3293.57 3278.09 3263.22 3248.95 3235.3 3222.26 3209.83 3198.01 3186.81 3176.23 3166.26 3156.91 3148.18 3140.14 3132.64 3125.77 3119.51 3113.88 3108.88 3104.49 3100.74 3097.61 3095.1 3093.23 3091.98 3091.37 3091.38 3092.01 3093.28 3095.18 3097.71 3100.87 3104.67 3109.1 3114.16 3119.85 3126.18 3133.15 3140.75 3148.98 3157.85
57 3286.75 3270.91 3255.5 3240.69 3226.47 3212.84 3199.82 3187.4 3175.59 3164.39 3153.8 3143.83 3134.47 3125.72 3117.68 3110.17 3103.28 3097.02 3091.38 3086.37 3081.99 3078.24 3075.11 3072.62 3070.75 3069.52 3068.92 3068.95 3069.6 3070.88 3072.8 3075.35 3078.53 3082.34 3086.78 3091.85 3097.55 3103.87 3110.82 3118.4 3126.6 3135.42
58 3398.37 3382.36 3366.77 3351.78 3337.4 3323.62 3310.45 3297.89 3285.94 3274.6 3263.87 3253.77 3244.27 3235.4 3227.23 3219.59 3212.57 3206.18 3200.41 3195.27 3190.75 3186.86 3183.6 3180.96 3178.96 3177.58 3176.84 3176.72 3177.23 3178.37 3180.14 3182.55 3185.58 3189.25 3193.55 3198.47 3204.03 3210.22 3217.04 3224.49 3232.57 3241.28
58 3375.49 3359.56 3344.04 3329.12 3314.78 3301.03 3287.88 3275.33 3263.39 3252.05 3241.32 3231.2 3221.7 3212.82 3204.63 3196.98 3189.96 3183.56 3177.78 3172.63 3168.12 3164.23 3160.97 3158.35 3156.35 3154.99 3154.26 3154.17 3154.7 3155.86 3157.65 3160.07 3163.13 3166.81 3171.12 3176.05 3181.61 3187.79 3194.59 3202.01 3210.05 3218.7
59 3488.65 3472.6 3456.95 3441.9 3427.44 3413.58 3400.31 3387.64 3375.57 3364.11 3353.26 3343.02 3333.4 3324.39 3316.08 3308.3 3301.14 3294.6 3288.69 3283.4 3278.74 3274.71 3271.3 3268.53 3266.38 3264.87 3263.99 3263.73 3264.11 3265.11 3266.75 3269.02 3271.92 3275.45 3279.61 3284.4 3289.82 3295.86 3302.53 3309.82 3317.74 3326.28
59 3465.66 3449.7 3434.14 3419.14 3404.73 3390.89 3377.64 3364.98 3352.92 3341.45 3330.59 3320.34 3310.7 3301.67 3293.35 3285.55 3278.38 3271.83 3265.91 3260.62 3255.96 3251.93 3248.54 3245.78 3243.65 3242.15 3241.29 3241.06 3241.46 3242.49 3244.15 3246.44 3249.36 3252.9 3257.07 3261.86 3267.27 3273.29 3279.93 3287.17 3295.02 3303.48
60 3580.94 3564.85 3549.14 3534.01 3519.45 3505.48 3492.09 3479.29 3467.08 3455.47 3444.47 3434.08 3424.29 3415.12 3406.66 3398.72 3391.4 3384.71 3378.65 3373.21 3368.4 3364.23 3360.68 3357.77 3355.5 3353.85 3352.84 3352.47 3352.72 3353.6 3355.11 3357.25 3360.02 3363.41 3367.43 3372.07 3377.32 3383.2 3389.68 3396.77 3404.47 3412.77
60 3557.83 3541.8 3526.15 3511.05 3496.53 3482.58 3469.2 3456.41 3444.22 3432.61 3421.61 3411.22 3401.43 3392.26 3383.78 3375.84 3368.52 3361.83 3355.76 3350.32 3345.52 3341.35 3337.81 3334.91 3332.64 3331.01 3330.01 3329.65 3329.91 3330.81 3332.33 3334.48 3337.27 3340.67 3344.69 3349.34 3354.59 3360.46 3366.94 3374.01 3381.68 3389.95
61 3674.91 3658.75 3642.97 3627.76 3613.11 3599.03 3585.53 3572.62 3560.29 3548.56 3537.43 3526.9 3516.98 3507.67 3499.06 3490.97 3483.51 3476.67 3470.45 3464.87 3459.91 3455.58 3451.89 3448.83 3446.4 3444.61 3443.45 3442.92 3443.02 3443.75 3445.11 3447.1 3449.72 3452.96 3456.83 3461.31 3466.41 3472.13 3478.45 3485.38 3492.92 3501.05
61 3651.67 3635.6 3619.89 3604.72 3590.11 3576.06 3562.58 3549.67 3537.35 3525.62 3514.48 3503.94 3494.0 3484.68 3476.06 3467.96 3460.49 3453.64 3447.42 3441.83 3436.87 3432.55 3428.86 3425.81 3423.39 3421.62 3420.47 3419.97 3420.09 3420.84 3422.22 3424.23 3426.87 3430.12 3434.0 3438.49 3443.58 3449.29 3455.59 3462.48 3469.96 3478.02
62 3770.34 3754.22 3738.46 3723.23 3708.54 3694.4 3680.83 3667.82 3655.38 3643.53 3632.27 3621.6 3611.53 3602.07 3593.3 3585.06 3577.44 3570.44 3564.06 3558.32 3553.2 3548.72 3544.87 3541.66 3539.08 3537.14 3535.84 3535.16 3535.12 3535.71 3536.93 3538.77 3541.24 3544.33 3548.03 3552.35 3557.27 3562.79 3568.92 3575.63 3582.92 3590.8
62 3746.94 3730.91 3715.22 3700.04 3685.39 3671.29 3657.73 3644.73 3632.3 3620.45 3609.18 3598.5 3588.42 3578.95 3570.17 3561.92 3554.28 3547.27 3540.89 3535.15 3530.03 3525.55 3521.71 3518.5 3515.94 3514.01 3512.72 3512.07 3512.05 3512.65 3513.89 3515.75 3518.23 3521.33 3525.05 3529.37 3534.29 3539.8 3545.91 3552.59 3559.84 3567.65
63 3867.77 3851.67 3835.9 3820.64 3805.9 3791.7 3778.03 3764.92 3752.38 3740.4 3729.0 3718.19 3707.97 3698.36 3689.44 3681.04 3673.25 3666.09 3659.55 3653.64 3648.37 3643.72 3639.72 3636.35 3633.61 3631.52 3630.06 3629.23 3629.04 3629.48 3630.54 3632.23 3634.54 3637.46 3641.0 3645.15 3649.89 3655.23 3661.16 3667.66 3674.74 3682.37
63 3844.34 3828.3 3812.57 3797.34 3782.63 3768.44 3754.79 3741.68 3729.13 3717.15 3705.75 3694.93 3684.71 3675.09 3666.16 3657.75 3649.96 3642.8 3636.26 3630.35 3625.08 3620.44 3616.44 3613.08 3610.36 3608.28 3606.83 3606.02 3605.85 3606.3 3607.38 3609.08 3611.4 3614.34 3617.88 3622.03 3626.77 3632.1 3638.0 3644.47 3651.51 3659.09
64 3967.37 3951.26 3935.46 3920.15 3905.34 3891.04 3877.27 3864.05 3851.37 3839.25 3827.71 3816.74 3806.37 3796.59 3787.5 3778.93 3770.98 3763.64 3756.93 3750.85 3745.41 3740.59 3736.42 3732.89 3729.99 3727.73 3726.11 3725.13 3724.78 3725.06 3725.96 3727.49 3729.64 3732.41 3735.78 3739.75 3744.32 3749.48 3755.21 3761.51 3768.37 3775.77
64 3943.84 3927.8 3912.04 3896.77 3881.98 3867.7 3853.94 3840.72 3828.04 3815.92 3804.36 3793.39 3783.0 3773.21 3764.12 3755.54 3747.57 3740.23 3733.52 3727.44 3721.99 3717.19 3713.02 3709.5 3706.61 3704.37 3702.76 3701.79 3701.46 3701.75 3702.67 3704.22 3706.37 3709.14 3712.51 3716.48 3721.03 3726.16 3731.85 3738.1 3744.89 3752.21
65 4068.88 4052.74 4036.88 4021.5 4006.6 3992.21 3978.34 3965.0 3952.2 3939.95 3928.27 3917.16 3906.64 3896.71 3887.47 3878.74 3870.63 3863.13 3856.26 3850.02 3844.42 3839.44 3835.11 3831.41 3828.35 3825.93 3824.15 3823.01 3822.5 3822.61 3823.35 3824.72 3826.69 3829.29 3832.48 3836.27 3840.65 3845.61 3851.14 3857.23 3863.87 3871.04
65 4045.21 4029.13 4013.33 3997.99 3983.13 3968.77 3954.91 3941.58 3928.78 3916.53 3904.84 3893.73 3883.19 3873.25 3864.0 3855.26 3847.14 3839.63 3832.75 3826.51 3820.89 3815.92 3811.58 3807.89 3804.84 3802.42 3800.65 3799.52 3799.02 3799.15 3799.9 3801.28 3803.27 3805.88 3809.08 3812.88 3817.27 3822.23 3827.75 3833.83 3840.44 3847.58
66 4171.72 4155.66 4139.86 4124.51 4109.62 4095.21 4081.29 4067.88 4055.0 4042.65 4030.86 4019.62 4008.97 3998.89 3989.5 3980.61 3972.33 3964.67 3957.62 3951.21 3945.42 3940.27 3935.75 3931.87 3928.63 3926.03 3924.07 3922.75 3922.06 3921.99 3922.56 3923.74 3925.54 3927.95 3930.96 3934.56 3938.75 3943.52 3948.85 3954.73 3961.15 3968.1
66 4148.03 4132.03 4116.27 4100.95 4086.08 4071.68 4057.77 4044.36 4031.47 4019.12 4007.31 3996.07 3985.39 3975.3 3965.9 3956.99 3948.7 3941.03 3933.98 3927.55 3921.76 3916.61 3912.1 3908.23 3905.0 3902.41 3900.46 3899.15 3898.48 3898.43 3899.0 3900.2 3902.01 3904.43 3907.44 3911.04 3915.22 3919.97 3925.27 3931.11 3937.48 3944.35
