Orders fit with Mirek Brandt's and Tim Brandt's echelle_orders.py for iord=0,66, ifib=0,1, 20. Fitted on 2018-10-10 on fileelpnrs02-fa17-20181009-0011-w00.fits.fz
nfib 2 0 1
iord 41.0 138.0 236.0 334.0 432.0 530.0 628.0 726.0 824.0 922.0 1020.0 1118.0 1216.0 1314.0 1411.0 1509.0 1607.0 1705.0 1803.0 1901.0 1999.0 2097.0 2195.0 2293.0 2391.0 2489.0 2587.0 2685.0 2782.0 2880.0 2978.0 3076.0 3174.0 3272.0 3370.0 3468.0 3566.0 3664.0 3762.0 3860.0 3958.0 4056.0
0 198.02 185.44 173.42 162.08 151.42 141.43 132.1 123.41 115.37 107.97 101.21 95.07 89.55 84.65 80.41 76.73 73.65 71.18 69.32 68.05 67.39 67.33 67.87 69.0 70.74 73.08 76.03 79.58 83.7 88.47 93.85 99.86 106.49 113.75 121.65 130.2 139.39 149.23 159.75 170.93 182.8 195.35
0 180.64 168.04 156.0 144.65 133.97 123.97 114.64 105.95 97.92 90.52 83.76 77.62 72.11 67.22 62.98 59.3 56.23 53.77 51.9 50.64 49.98 49.91 50.44 51.58 53.31 55.65 58.59 62.13 66.24 71.01 76.39 82.39 89.02 96.29 104.19 112.74 121.95 131.82 142.35 153.57 165.48 178.09
1 231.43 218.83 206.79 195.43 184.75 174.74 165.38 156.68 148.62 141.2 134.41 128.25 122.71 117.79 113.52 109.82 106.72 104.23 102.34 101.05 100.37 100.28 100.79 101.9 103.62 105.93 108.85 112.38 116.47 121.21 126.57 132.56 139.16 146.4 154.28 162.8 171.97 181.8 192.29 203.46 215.31 227.85
1 213.99 201.37 189.31 177.94 167.25 157.22 147.86 139.16 131.1 123.68 116.89 110.73 105.19 100.28 96.01 92.31 89.22 86.73 84.84 83.56 82.87 82.78 83.29 84.4 86.12 88.43 91.35 94.87 98.96 103.71 109.07 115.05 121.66 128.9 136.79 145.32 154.5 164.34 174.86 186.05 197.93 210.5
2 265.22 252.59 240.51 229.13 218.42 208.38 199.0 190.28 182.19 174.75 167.94 161.76 156.2 151.26 146.97 143.24 140.13 137.61 135.7 134.39 133.68 133.57 134.06 135.14 136.83 139.12 142.01 145.51 149.58 154.29 159.63 165.58 172.16 179.37 187.22 195.72 204.86 214.66 225.13 236.28 248.11 260.63
2 247.71 235.06 222.97 211.58 200.86 190.81 181.42 172.69 164.61 157.16 150.35 144.17 138.61 133.67 129.38 125.66 122.54 120.03 118.12 116.81 116.1 116.0 116.49 117.57 119.26 121.56 124.45 127.95 132.02 136.74 142.08 148.03 154.62 161.83 169.69 178.19 187.34 197.15 207.63 218.79 230.63 243.17
3 299.35 286.7 274.6 263.19 252.46 242.4 232.99 224.24 216.13 208.66 201.82 195.61 190.03 185.06 180.74 176.99 173.84 171.3 169.36 168.03 167.29 167.15 167.62 168.68 170.34 172.6 175.47 178.95 182.99 187.68 192.99 198.92 205.48 212.67 220.49 228.96 238.08 247.86 258.31 269.43 281.24 293.73
3 281.79 269.11 257.0 245.58 234.84 224.76 215.35 206.59 198.48 191.01 184.18 177.97 172.39 167.42 163.11 159.36 156.22 153.68 151.74 150.41 149.67 149.54 150.0 151.07 152.73 155.0 157.87 161.34 165.38 170.08 175.39 181.32 187.88 195.07 202.9 211.38 220.51 230.3 240.75 251.89 263.71 276.23
4 333.88 321.2 309.08 297.65 286.89 276.8 267.36 258.58 250.44 242.94 236.08 229.84 224.22 219.22 214.88 211.1 207.92 205.36 203.39 202.03 201.26 201.1 201.54 202.58 204.22 206.46 209.31 212.76 216.78 221.45 226.73 232.64 239.17 246.34 254.14 262.58 271.68 281.43 291.84 302.93 314.69 327.15
4 316.27 303.57 291.43 279.98 269.2 259.1 249.66 240.88 232.74 225.24 218.37 212.13 206.52 201.53 197.19 193.41 190.24 187.68 185.72 184.36 183.6 183.44 183.88 184.92 186.56 188.8 191.65 195.1 199.12 203.79 209.08 214.98 221.52 228.69 236.49 244.95 254.05 263.81 274.24 285.34 297.13 309.62
5 368.81 356.13 343.99 332.54 321.76 311.64 302.18 293.37 285.2 277.67 270.77 264.49 258.84 253.81 249.43 245.62 242.41 239.81 237.81 236.42 235.62 235.43 235.84 236.85 238.47 240.68 243.5 246.93 250.93 255.58 260.84 266.72 273.23 280.38 288.15 296.57 305.64 315.36 325.74 336.8 348.53 360.95
5 351.13 338.42 326.27 314.8 304.01 293.88 284.42 275.6 267.43 259.91 253.01 246.74 241.09 236.06 231.69 227.88 224.68 222.09 220.09 218.7 217.91 217.72 218.14 219.15 220.76 222.98 225.8 229.23 233.23 237.87 243.14 249.02 255.54 262.68 270.46 278.89 287.97 297.7 308.1 319.17 330.93 343.38
6 404.21 391.5 379.35 367.87 357.06 346.92 337.43 328.58 320.38 312.82 305.88 299.58 293.89 288.82 284.41 280.57 277.33 274.69 272.66 271.24 270.42 270.2 270.58 271.56 273.15 275.34 278.13 281.54 285.51 290.13 295.37 301.23 307.72 314.84 322.59 330.98 340.03 349.72 360.07 371.1 382.8 395.18
6 386.48 373.75 361.58 350.08 339.26 329.11 319.61 310.77 302.56 295.0 288.07 281.76 276.08 271.02 266.61 262.77 259.53 256.90999999999997 254.88 253.46 252.64 252.42 252.81 253.79 255.38 257.57 260.37 263.77 267.74 272.37 277.61 283.47 289.96 297.08 304.84 313.24 322.29 332.0 342.37 353.41 365.12 377.53
7 440.09 427.36 415.18 403.68 392.84 382.67 373.14 364.27 356.04 348.44 341.47 335.13 329.41 324.31 319.87 315.99 312.72 310.05 307.99 306.54 305.68 305.43 305.78 306.74 308.29 310.46 313.22 316.6 320.55 325.14 330.35 336.19 342.65 349.74 357.46 365.82 374.83 384.5 394.82 405.81 417.47 429.81
7 422.32 409.55 397.35 385.82 374.97 364.79 355.26 346.38 338.15 330.55 323.59 317.25 311.54 306.44 302.01 298.13 294.87 292.21 290.15 288.7 287.85 287.61 287.96 288.92 290.48 292.64 295.41 298.79 302.73 307.33 312.54 318.38 324.84 331.93 339.66 348.03 357.05 366.73 377.07 388.08 399.77 412.14
8 476.47 463.71 451.5 439.97 429.1 418.89 409.34 400.43 392.16 384.53 377.53 371.15 365.4 360.26 355.78 351.87 348.56 345.86 343.77 342.28 341.4 341.12 341.44 342.36 343.89 346.02 348.76 352.11 356.03 360.6 365.79 371.6 378.03 385.09 392.79 401.13 410.11 419.75 430.04 441.0 452.64 464.95
8 458.61 445.83 433.61 422.06 411.18 400.97 391.41 382.5 374.23 366.6 359.6 353.23 347.48 342.34 337.87 333.96 330.66 327.96 325.87 324.39 323.51 323.23 323.55 324.48 326.01 328.14 330.89 334.24 338.16 342.73 347.91 353.73 360.16 367.23 374.93 383.28 392.27 401.91 412.22 423.19 434.84 447.18
9 513.34 500.57 488.34 476.78 465.89 455.65 446.06 437.12 428.82 421.15 414.11 407.7 401.9 396.73 392.21 388.26 384.92 382.18 380.05 378.53 377.61 377.3 377.59 378.48 379.98 382.08 384.8 388.12 392.01 396.55 401.72 407.5 413.9 420.94 428.61 436.92 445.87 455.47 465.73 476.65 488.24 500.5
9 495.44 482.64 470.39 458.81 447.9 437.65 428.06 419.12 410.81 403.14 396.11 389.7 383.91 378.75 374.24 370.29 366.95 364.23 362.1 360.59 359.67 359.36 359.65 360.55 362.05 364.15 366.87 370.19 374.08 378.62 383.78 389.57 395.97 403.01 410.68 419.0 427.96 437.57 447.84 458.78 470.4 482.69
10 550.79 537.99 525.73 514.13 503.2 492.93 483.31 474.33 465.99 458.28 451.21 444.76 438.93 433.72 429.17 425.18 421.81 419.04 416.87 415.32 414.37 414.02 414.27 415.14 416.6 418.68 421.36 424.65 428.51 433.02 438.15 443.9 450.28 457.28 464.92 473.19 482.11 491.68 501.91 512.79 524.34 536.57
10 532.8 519.98 507.7 496.09 485.15 474.87 465.25 456.27 447.93 440.22 433.15 426.71 420.88 415.68 411.13 407.15 403.78 401.01 398.85 397.3 396.35 396.0 396.26 397.13 398.59 400.67 403.35 406.64 410.5 415.02 420.15 425.9 432.28 439.29 446.93 455.22 464.15 473.73 483.97 494.87 506.45 518.71
11 588.78 575.96 563.67 552.04 541.08 530.77 521.11 512.1 503.72 495.98 488.86 482.37 476.51 471.26 466.67 462.64 459.23 456.42 454.22 452.63 451.64 451.26 451.48 452.31 453.75 455.79 458.44 461.71 465.54 470.02 475.12 480.84 487.19 494.16 501.77 510.01 518.9 528.43 538.61 549.46 560.97 573.15
11 570.74 557.88 545.57 533.93 522.96 512.64 502.98 493.96 485.58 477.84 470.73 464.24 458.38 453.14 448.56 444.54 441.13 438.32 436.13 434.54 433.56 433.18 433.41 434.24 435.68 437.72 440.37 443.63 447.46 451.95 457.05 462.77 469.12 476.1 483.71 491.96 500.86 510.4 520.6 531.47 543.01 555.22
12 627.37 614.51 602.18 590.53 579.53 569.19 559.49 550.44 542.02 534.24 527.09 520.56 514.66 509.37 504.74 500.68 497.23 494.38 492.15 490.52 489.49 489.08 489.26 490.06 491.46 493.47 496.08 499.31 503.11 507.56 512.63 518.32 524.63 531.57 539.14 547.35 556.21 565.7 575.86 586.67 598.14 610.29
12 609.24 596.37 584.03 572.36 561.35 551.0 541.3 532.25 523.83 516.05 508.9 502.37 496.47 491.18 486.56 482.5 479.05 476.21 473.98 472.35 471.33 470.92 471.11 471.9 473.31 475.32 477.94 481.17 484.97 489.42 494.5 500.19 506.51 513.45 521.04 529.25 538.12 547.63 557.79 568.62 580.11 592.28
13 666.54 653.65 641.3 629.6 618.57 608.19 598.46 589.37 580.91 573.09 565.9 559.33 553.39 548.06 543.4 539.29 535.8 532.92 530.65 528.98 527.92 527.47 527.62 528.38 529.74 531.72 534.3 537.5 541.26 545.68 550.72 556.37 562.65 569.56 577.1 585.27 594.09 603.55 613.66 624.43 635.86 647.96
13 648.36 635.45 623.08 611.37 600.33 589.94 580.2 571.11 562.65 554.83 547.64 541.07 535.13 529.8 525.14 521.04 517.55 514.67 512.4 510.74 509.68 509.23 509.39 510.15 511.52 513.5 516.09 519.29 523.06 527.48 532.52 538.18 544.46 551.38 558.93 567.11 575.94 585.41 595.54 606.32 617.77 629.89
14 706.36 693.43 681.04 669.31 658.24 647.82 638.04 628.91 620.42 612.56 605.32 598.71 592.73 587.36 582.65 578.51 574.98 572.05 569.74 568.04 566.94 566.45 566.56 567.28 568.61 570.55 573.1 576.26 579.99 584.38 589.38 595.0 601.24 608.12 615.62 623.76 632.54 641.97 652.05 662.78 674.17 686.23
14 688.1 675.16 662.75 651.01 639.93 629.5 619.72 610.59 602.09 594.23 587.0 580.39 574.4 569.04 564.34 560.2 556.67 553.75 551.44 549.74 548.64 548.15 548.27 548.99 550.33 552.27 554.82 557.98 561.71 566.1 571.1 576.73 582.98 589.86 597.37 605.52 614.31 623.75 633.85 644.6 656.01 668.1
15 746.81 733.84 721.41 709.64 698.53 688.07 678.25 669.08 660.54 652.64 645.37 638.72 632.69 627.29 622.54 618.36 614.79 611.83 609.47 607.73 606.59 606.06 606.14 606.82 608.12 610.02 612.53 615.65 619.34 623.69 628.65 634.23 640.44 647.28 654.74 662.84 671.58 680.97 691.01 701.7 713.05 725.07
15 728.47 715.49 703.05 691.27 680.15 669.68 659.86 650.69 642.15 634.25 626.97 620.32 614.3 608.89 604.15 599.97 596.4 593.44 591.09 589.35 588.21 587.69 587.77 588.46 589.75 591.66 594.17 597.3 601.0 605.35 610.31 615.9 622.12 628.96 636.44 644.55 653.3 662.7 672.76 683.46 694.84 706.88
16 787.93 774.93 762.45 750.64 739.49 728.98 719.13 709.91 701.33 693.38 686.07 679.38 673.31 667.85 663.07 658.84 655.23 652.22 649.83 648.04 646.87 646.3 646.33 646.98 648.23 650.09 652.57 655.65 659.31 663.61 668.54 674.08 680.25 687.05 694.48 702.55 711.25 720.6 730.6 741.25 752.56 764.54
16 769.53 756.51 744.02 732.2 721.03 710.53 700.66 691.45 682.86 674.92 667.6 660.91 654.84 649.39 644.61 640.38 636.77 633.77 631.38 629.6 628.42 627.86 627.9 628.54 629.8 631.66 634.14 637.23 640.89 645.2 650.13 655.68 661.86 668.66 676.1 684.18 692.89 702.26 712.27 722.94 734.28 746.28
17 829.72 816.67 804.16 792.3 781.11 770.56 760.66 751.4 742.78 734.79 727.43 720.69 714.58 709.08 704.25 699.98 696.33 693.28 690.85 689.02 687.8 687.19 687.19 687.79 689.01 690.83 693.26 696.31 699.93 704.19 709.08 714.59 720.72 727.48 734.87 742.89 751.56 760.86 770.82 781.43 792.69 804.63
17 811.24 798.18 785.66 773.8 762.59 752.04 742.14 732.87 724.25 716.26 708.89 702.16 696.04 690.55 685.72 681.45 677.8 674.75 672.32 670.49 669.28 668.67 668.67 669.28 670.49 672.32 674.76 677.81 681.43 685.71 690.6 696.11 702.25 709.02 716.42 724.46 733.13 742.45 752.42 763.05 774.34 786.29
18 872.2 859.11 846.55 834.65 823.41 812.82 802.88 793.57 784.91 776.87 769.46 762.68 756.53 750.99 746.11 741.8 738.1 735.01 732.53 730.66 729.4 728.75 728.7 729.27 730.44 732.22 734.61 737.62 741.2 745.42 750.27 755.74 761.83 768.55 775.9 783.88 792.5 801.77 811.68 822.25 833.47 845.36
18 853.65 840.55 827.99 816.09 804.84 794.24 784.29 774.99 766.32 758.28 750.87 744.09 737.93 732.39 727.52 723.2 719.5 716.42 713.94 712.07 710.81 710.16 710.12 710.69 711.86 713.65 716.05 719.06 722.64 726.88 731.73 737.21 743.31 750.03 757.39 765.39 774.02 783.3 793.23 803.81 815.05 826.96
19 915.42 902.28 889.67 877.73 866.44 855.8 845.81 836.46 827.74 819.66 812.21 805.38 799.18 793.6 788.68 784.32 780.57 777.44 774.92 773.0 771.7 771.0 770.91 771.43 772.56 774.3 776.64 779.6 783.14 787.32 792.13 797.55 803.6 810.28 817.58 825.52 834.1 843.33 853.2 863.73 874.91 886.76
19 896.79 883.65 871.04 859.08 847.79 837.15 827.15 817.79 809.08 800.99 793.54 786.71 780.5 774.92 770.0 765.64 761.9 758.76 756.24 754.33 753.03 752.33 752.25 752.77 753.91 755.65 758.0 760.97 764.51 768.71 773.52 778.95 785.01 791.7 799.02 806.97 815.56 824.8 834.69 845.23 856.43 868.29
20 959.35 946.17 933.52 921.53 910.19 899.5 889.46 880.06 871.3 863.17 855.67 848.8 842.54 836.91 831.95 827.54 823.75 820.57 818.0 816.04 814.69 813.95 813.82 814.29 815.38 817.07 819.38 822.3 825.79 829.93 834.69 840.07 846.08 852.71 859.97 867.87 876.4 885.58 895.4 905.88 917.01 928.8
20 940.65 927.46 914.8 902.8 891.46 880.77 870.72 861.32 852.56 844.42 836.92 830.05 823.8 818.16 813.2 808.79 805.0 801.83 799.26 797.3 795.96 795.22 795.09 795.57 796.66 798.36 800.67 803.6 807.09 811.24 816.01 821.4 827.42 834.06 841.33 849.24 857.79 866.98 876.81 887.31 898.45 910.27
21 1004.05 990.81 978.11 966.06 954.67 943.94 933.85 924.4 915.59 907.41 899.86 892.94 886.64 880.96 875.94 871.49 867.66 864.43 861.81 859.81 858.41 857.63 857.45 857.88 858.92 860.57 862.83 865.7 869.15 873.24 877.96 883.29 889.25 895.84 903.06 910.91 919.4 928.53 938.31 948.74 959.82 971.58
21 985.26 972.02 959.31 947.26 935.87 925.13 915.04 905.58 896.77 888.59 881.04 874.12 867.82 862.14 857.13 852.67 848.84 845.61 843.0 841.0 839.6 838.82 838.64 839.07 840.12 841.77 844.04 846.91 850.37 854.47 859.19 864.54 870.5 877.1 884.33 892.19 900.69 909.84 919.63 930.08 941.19 952.96
22 1049.52 1036.23 1023.47 1011.37 999.93 989.14 979.0 969.5 960.64 952.41 944.81 937.84 931.49 925.76 920.7 916.2 912.31 909.04 906.37 904.32 902.88 902.04 901.81 902.2 903.19 904.79 907.0 909.83 913.23 917.28 921.95 927.24 933.15 939.69 946.86 954.66 963.1 972.19 981.92 992.3 1003.34 1015.04
22 1030.66 1017.37 1004.6 992.5 981.05 970.26 960.11 950.61 941.75 933.52 925.92 918.94 912.59 906.87 901.81 897.31 893.42 890.15 887.49 885.44 884.0 883.17 882.94 883.33 884.33 885.93 888.15 890.98 894.39 898.45 903.12 908.42 914.34 920.89 928.08 935.89 944.35 953.45 963.19 973.59 984.65 996.38
23 1095.75 1082.42 1069.6 1057.45 1045.96 1035.12 1024.9299999999998 1015.37 1006.46 998.18 990.53 983.5 977.1 971.32 966.21 961.66 957.73 954.4 951.69 949.59 948.09 947.21 946.93 947.27 948.21 949.77 951.93 954.71 958.06 962.07 966.69 971.93 977.79 984.29 991.41 999.16 1007.56 1016.59 1026.28 1036.61 1047.6 1059.26
23 1076.82 1063.48 1050.66 1038.51 1027.01 1016.17 1005.97 996.41 987.5 979.21 971.56 964.54 958.13 952.35 947.24 942.69 938.75 935.43 932.72 930.62 929.13 928.25 927.98 928.32 929.26 930.82 933.0 935.78 939.14 943.15 947.78 953.03 958.91 965.41 972.54 980.31 988.72 997.76 1007.46 1017.81 1028.81 1040.48
24 1142.82 1129.42 1116.55 1104.35 1092.8 1081.9 1071.65 1062.04 1053.07 1044.74 1037.04 1029.96 1023.51 1017.67 1012.51 1007.91 1003.92 1000.54 997.78 995.62 994.08 993.15 992.82 993.11 994.0 995.5 997.62 1000.35 1003.65 1007.61 1012.18 1017.37 1023.19 1029.63 1036.71 1044.42 1052.76 1061.75 1071.39 1081.68 1092.63 1104.24
24 1123.8 1110.4 1097.53 1085.32 1073.77 1062.87 1052.61 1043.0 1034.03 1025.7 1017.99 1010.91 1004.46 998.63 993.47 988.86 984.88 981.5 978.74 976.59 975.05 974.12 973.8 974.09 974.99 976.5 978.62 981.36 984.67 988.63 993.21 998.41 1004.24 1010.69 1017.78 1025.5 1033.85 1042.85 1052.5 1062.8 1073.76 1085.38
25 1190.7 1177.24 1164.32 1152.05 1140.45 1129.49 1119.19 1109.52 1100.5 1092.11 1084.35 1077.22 1070.71 1064.82 1059.61 1054.95 1050.91 1047.48 1044.67 1042.46 1040.87 1039.88 1039.5 1039.74 1040.58 1042.03 1044.1 1046.78 1050.03 1053.94 1058.46 1063.6 1069.37 1075.76 1082.79 1090.44 1098.74 1107.68 1117.26 1127.5 1138.39 1149.95
25 1171.6 1158.14 1145.21 1132.94 1121.33 1110.37 1100.06 1090.4 1081.37 1072.98 1065.22 1058.09 1051.58 1045.7 1040.48 1035.83 1031.79 1028.36 1025.55 1023.35 1021.75 1020.77 1020.4 1020.64 1021.49 1022.94 1025.01 1027.7 1030.96 1034.87 1039.4 1044.55 1050.33 1056.73 1063.76 1071.43 1079.74 1088.69 1098.29 1108.54 1119.45 1131.02
26 1239.43 1225.91 1212.92 1200.6 1188.93 1177.92 1167.56 1157.83 1148.75 1140.31 1132.49 1125.3 1118.74 1112.8 1107.53 1102.82 1098.72 1095.24 1092.37 1090.11 1088.46 1087.42 1087.0 1087.18 1087.97 1089.37 1091.38 1094.01 1097.21 1101.06 1105.53 1110.62 1116.34 1122.68 1129.65 1137.26 1145.51 1154.39 1163.93 1174.11 1184.96 1196.46
26 1220.25 1206.73 1193.74 1181.41 1169.74 1158.73 1148.36 1138.64 1129.55 1121.1 1113.29 1106.1 1099.54 1093.6 1088.33 1083.62 1079.53 1076.05 1073.18 1070.92 1069.28 1068.24 1067.81 1068.0 1068.79 1070.2 1072.22 1074.85 1078.06 1081.92 1086.4 1091.49 1097.22 1103.57 1110.55 1118.17 1126.42 1135.32 1144.87 1155.07 1165.92 1177.44
27 1289.01 1275.44 1262.39 1250.01 1238.28 1227.21 1216.78 1207.0 1197.86 1189.36 1181.48 1174.24 1167.62 1161.62 1156.29 1151.53 1147.37 1143.84 1140.91 1138.6 1136.89 1135.8 1135.32 1135.44 1136.18 1137.52 1139.48 1142.06 1145.21 1149.0 1153.42 1158.46 1164.12 1170.41 1177.32 1184.88 1193.06 1201.9 1211.37 1221.5 1232.29 1243.73
27 1269.76 1256.18 1243.12 1230.73 1219.0 1207.92 1197.5 1187.71 1178.57 1170.06 1162.19 1154.94 1148.32 1142.33 1137.0 1132.24 1128.09 1124.55 1121.63 1119.32 1117.62 1116.53 1116.05 1116.18 1116.92 1118.27 1120.24 1122.82 1125.98 1129.78 1134.2 1139.25 1144.92 1151.22 1158.15 1165.71 1173.91 1182.76 1192.25 1202.39 1213.19 1224.66
28 1339.47 1325.84 1312.73 1300.28 1288.5 1277.36 1266.88 1257.03 1247.83 1239.27 1231.33 1224.03 1217.35 1211.29 1205.9 1201.08 1196.87 1193.27 1190.29 1187.92 1186.16 1185.01 1184.47 1184.54 1185.22 1186.52 1188.42 1190.94 1194.04 1197.78 1202.14 1207.13 1212.74 1218.97 1225.83 1233.33 1241.46 1250.24 1259.66 1269.73 1280.46 1291.85
28 1320.12 1306.48 1293.37 1280.92 1269.13 1258.0 1247.51 1237.67 1228.47 1219.9 1211.97 1204.66 1197.98 1191.92 1186.54 1181.72 1177.51 1173.91 1170.93 1168.57 1166.81 1165.66 1165.13 1165.21 1165.89 1167.19 1169.1 1171.63 1174.73 1178.49 1182.86 1187.85 1193.47 1199.71 1206.59 1214.1 1222.24 1231.03 1240.47 1250.56 1261.3 1272.71
29 1390.85 1377.15 1363.97 1351.46 1339.61 1328.41 1317.87 1307.96 1298.7 1290.07 1282.07 1274.7 1267.96 1261.84 1256.4 1251.51 1247.24 1243.59 1240.54 1238.11 1236.3 1235.09 1234.49 1234.51 1235.13 1236.37 1238.21 1240.68 1243.72 1247.41 1251.71 1256.64 1262.19 1268.37 1275.18 1282.62 1290.7 1299.42 1308.78 1318.8 1329.47 1340.8
29 1371.41 1357.71 1344.53 1332.02 1320.17 1308.97 1298.41 1288.51 1279.24 1270.61 1262.62 1255.25 1248.51 1242.39 1236.95 1232.07 1227.8 1224.15 1221.11 1218.68 1216.87 1215.67 1215.07 1215.09 1215.72 1216.97 1218.82 1221.29 1224.34 1228.04 1232.35 1237.29 1242.85 1249.04 1255.86 1263.31 1271.4 1280.13 1289.51 1299.54 1310.23 1321.58
30 1443.14 1429.37 1416.13 1403.55 1391.64 1380.37 1369.76 1359.79 1350.46 1341.77 1333.71 1326.28 1319.48 1313.29 1307.79 1302.84 1298.51 1294.8 1291.69 1289.2 1287.33 1286.06 1285.4 1285.36 1285.92 1287.1 1288.89 1291.29 1294.28 1297.91 1302.16 1307.03 1312.52 1318.64 1325.39 1332.77 1340.79 1349.45 1358.76 1368.72 1379.33 1390.6
30 1423.62 1409.85 1396.6 1384.02 1372.1 1360.83 1350.22 1340.25 1330.92 1322.22 1314.17 1306.74 1299.93 1293.76 1288.25 1283.31 1278.98 1275.27 1272.17 1269.68 1267.81 1266.55 1265.89 1265.85 1266.42 1267.61 1269.4 1271.81 1274.8 1278.44 1282.69 1287.57 1293.07 1299.2 1305.96 1313.35 1321.39 1330.06 1339.38 1349.35 1359.98 1371.27
31 1496.47 1482.61 1469.27 1456.61 1444.61 1433.27 1422.59 1412.55 1403.15 1394.39 1386.27 1378.77 1371.91 1365.67 1360.1 1355.09 1350.7 1346.92 1343.76 1341.21 1339.27 1337.94 1337.23 1337.12 1337.62 1338.74 1340.46 1342.8 1345.73 1349.29 1353.48 1358.29 1363.72 1369.78 1376.48 1383.8 1391.77 1400.38 1409.65 1419.56 1430.14 1441.38
31 1476.81 1462.96 1449.64 1436.98 1424.98 1413.65 1402.96 1392.92 1383.52 1374.76 1366.64 1359.14 1352.28 1346.03 1340.47 1335.46 1331.07 1327.29 1324.13 1321.59 1319.65 1318.33 1317.62 1317.51 1318.02 1319.15 1320.88 1323.23 1326.17 1329.74 1333.94 1338.76 1344.21 1350.28 1356.98 1364.32 1372.3 1380.92 1390.19 1400.11 1410.69 1421.93
32 1550.7 1536.76 1523.36 1510.62 1498.54 1487.13 1476.37 1466.26 1456.79 1447.96 1439.77 1432.21 1425.28 1418.97 1413.34 1408.26 1403.81 1399.97 1396.74 1394.13 1392.13 1390.74 1389.96 1389.79 1390.23 1391.28 1392.95 1395.23 1398.09 1401.59 1405.72 1410.47 1415.84 1421.84 1428.48 1435.75 1443.65 1452.21 1461.41 1471.26 1481.78 1492.96
32 1531.05 1517.09 1503.67 1490.92 1478.84 1467.42 1456.66 1446.54 1437.07 1428.24 1420.05 1412.49 1405.56 1399.25 1393.62 1388.55 1384.1 1380.26 1377.04 1374.43 1372.43 1371.04 1370.27 1370.1 1370.55 1371.6 1373.27 1375.56 1378.42 1381.94 1386.07 1390.82 1396.2 1402.22 1408.86 1416.14 1424.06 1432.63 1441.85 1451.72 1462.26 1473.47
33 1605.92 1591.9 1578.42 1565.6 1553.45 1541.96 1531.13 1520.94 1511.4 1502.5 1494.24 1486.61 1479.61 1473.23 1467.53 1462.39 1457.87 1453.96 1450.67 1447.99 1445.92 1444.47 1443.62 1443.39 1443.77 1444.76 1446.36 1448.57 1451.37 1454.82 1458.88 1463.57 1468.88 1474.81 1481.38 1488.59 1496.44 1504.92 1514.06 1523.86 1534.31 1545.42
33 1586.16 1572.13 1558.63 1545.8 1533.64 1522.15 1511.31 1501.13 1491.59 1482.69 1474.43 1466.8 1459.8 1453.43 1447.73 1442.6 1438.08 1434.18 1430.89 1428.21 1426.15 1424.7 1423.86 1423.63 1424.01 1425.0 1426.61 1428.83 1431.63 1435.08 1439.15 1443.84 1449.16 1455.11 1461.69 1468.91 1476.77 1485.27 1494.43 1504.24 1514.72 1525.86
34 1662.16 1648.05 1634.47 1621.57 1609.34 1597.77 1586.86 1576.6 1566.99 1558.02 1549.68 1541.98 1534.91 1528.46 1522.7 1517.49 1512.9 1508.93 1505.57 1502.82 1500.69 1499.16 1498.25 1497.95 1498.26 1499.18 1500.72 1502.87 1505.6 1508.98 1512.97 1517.59 1522.83 1528.71 1535.21 1542.35 1550.14 1558.57 1567.64 1577.38 1587.77 1598.84
34 1642.3 1628.18 1614.59 1601.69 1589.45 1577.87 1566.96 1556.7 1547.08 1538.11 1529.78 1522.08 1515.01 1508.57 1502.81 1497.61 1493.02 1489.05 1485.7 1482.96 1480.83 1479.31 1478.4 1478.1 1478.42 1479.35 1480.89 1483.04 1485.78 1489.16 1493.17 1497.79 1503.05 1508.93 1515.45 1522.6 1530.4 1538.84 1547.94 1557.7 1568.12 1579.21
35 1719.38 1705.19 1691.54 1678.56 1666.25 1654.6 1643.62 1633.28 1623.59 1614.55 1606.14 1598.36 1591.22 1584.7 1578.87 1573.59 1568.93 1564.88 1561.46 1558.64 1556.44 1554.85 1553.87 1553.5 1553.74 1554.59 1556.06 1558.14 1560.81 1564.12 1568.05 1572.6 1577.78 1583.59 1590.03 1597.11 1604.82 1613.19 1622.2 1631.87 1642.2 1653.2
35 1699.44 1685.24 1671.57 1658.59 1646.27 1634.62 1623.63 1613.29 1603.6 1594.56 1586.15 1578.38 1571.24 1564.72 1558.89 1553.61 1548.96 1544.92 1541.49 1538.68 1536.48 1534.9 1533.92 1533.56 1533.8 1534.66 1536.14 1538.22 1540.9 1544.21 1548.15 1552.71 1557.9 1563.72 1570.17 1577.26 1584.99 1593.37 1602.4 1612.09 1622.44 1633.47
36 1777.63 1763.37 1749.65 1736.59 1724.21 1712.49 1701.43 1691.01 1681.25 1672.13 1663.64 1655.79 1648.57 1641.98 1636.07 1630.71 1625.98 1621.86 1618.36 1615.47 1613.2 1611.54 1610.49 1610.05 1610.22 1611.01 1612.41 1614.42 1617.03 1620.27 1624.13 1628.62 1633.73 1639.47 1645.84 1652.85 1660.5 1668.79 1677.74 1687.33 1697.59 1708.51
36 1757.62 1743.34 1729.59 1716.52 1704.13 1692.4 1681.33 1670.91 1661.14 1652.02 1643.54 1635.69 1628.48 1621.89 1615.98 1610.63 1605.91 1601.79 1598.3 1595.42 1593.15 1591.49 1590.44 1590.01 1590.19 1590.98 1592.38 1594.4 1597.01 1600.25 1604.12 1608.61 1613.73 1619.48 1625.86 1632.88 1640.54 1648.85 1657.82 1667.44 1677.72 1688.67
37 1836.99 1822.64 1808.83 1795.7 1783.23 1771.43 1760.28 1749.79 1739.94 1730.74 1722.17 1714.24 1706.95 1700.28 1694.29 1688.86 1684.05 1679.86 1676.28 1673.32 1670.98 1669.24 1668.12 1667.61 1667.71 1668.43 1669.76 1671.7 1674.24 1677.41 1681.2 1685.62 1690.66 1696.33 1702.64 1709.57 1717.15 1725.38 1734.25 1743.77 1753.95 1764.8
37 1816.9 1802.53 1788.7 1775.54 1763.06 1751.25 1740.09 1729.59 1719.75 1710.55 1701.98 1694.06 1686.76 1680.1 1674.12 1668.69 1663.89 1659.71 1656.14 1653.18 1650.84 1649.11 1647.99 1647.48 1647.59 1648.31 1649.64 1651.59 1654.12 1657.3 1661.1 1665.52 1670.57 1676.25 1682.56 1689.51 1697.1 1705.34 1714.24 1723.79 1734.0 1744.89
38 1897.47 1883.02 1869.12 1855.88 1843.33 1831.43 1820.2 1809.62 1799.69 1790.41 1781.77 1773.76 1766.38 1759.64 1753.57 1748.07 1743.19 1738.92 1735.27 1732.23 1729.81 1728.0 1726.8 1726.22 1726.25 1726.89 1728.14 1730.01 1732.47 1735.57 1739.28 1743.62 1748.59 1754.19 1760.41 1767.28 1774.78 1782.93 1791.73 1801.19 1811.31 1822.09
38 1877.21 1862.76 1848.84 1835.6 1823.04 1811.14 1799.91 1789.33 1779.4 1770.12 1761.48 1753.47 1746.1 1739.36 1733.3 1727.8 1722.92 1718.66 1715.02 1711.99 1709.57 1707.77 1706.58 1706.0 1706.03 1706.68 1707.94 1709.82 1712.28 1715.38 1719.11 1723.45 1728.43 1734.03 1740.26 1747.14 1754.65 1762.81 1771.62 1781.08 1791.21 1802.0
39 1959.08 1944.54 1930.53 1917.2 1904.55 1892.56 1881.24 1870.57 1860.56 1851.19 1842.46 1834.37 1826.91 1820.08 1813.94 1808.36 1803.4 1799.05 1795.33 1792.21 1789.71 1787.83 1786.56 1785.9 1785.85 1786.41 1787.59 1789.39 1791.77 1794.79 1798.43 1802.7 1807.59 1813.12 1819.27 1826.06 1833.5 1841.58 1850.31 1859.69 1869.74 1880.46
39 1938.76 1924.2 1910.18 1896.85 1884.19 1872.2 1860.87 1850.2 1840.19 1830.82 1822.09 1814.01 1806.55 1799.73 1793.59 1788.01 1783.05 1778.71 1774.99 1771.88 1769.39 1767.51 1766.24 1765.59 1765.54 1766.12 1767.3 1769.1 1771.49 1774.52 1778.17 1782.44 1787.34 1792.88 1799.04 1805.85 1813.29 1821.39 1830.13 1839.54 1849.6 1860.34
40 2021.81 2007.16 1993.06 1979.64 1966.89 1954.81 1943.4 1932.65 1922.54 1913.09 1904.28 1896.1 1888.56 1881.65 1875.43 1869.76 1864.72 1860.3 1856.49 1853.3 1850.72 1848.75 1847.4 1846.66 1846.53 1847.02 1848.12 1849.84 1852.14 1855.09 1858.66 1862.85 1867.66 1873.11 1879.19 1885.9 1893.26 1901.27 1909.92 1919.24 1929.21 1939.86
40 2001.41 1986.75 1972.63 1959.19 1946.44 1934.35 1922.94 1912.18 1902.07 1892.62 1883.81 1875.63 1868.1 1861.19 1854.97 1849.31 1844.27 1839.85 1836.05 1832.86 1830.29 1828.33 1826.99 1826.25 1826.13 1826.62 1827.73 1829.45 1831.77 1834.72 1838.29 1842.49 1847.32 1852.77 1858.87 1865.59 1872.97 1880.99 1889.66 1898.99 1908.99 1919.66
41 2085.69 2070.96 2056.77 2043.26 2030.42 2018.25 2006.75 1995.9 1985.71 1976.16 1967.26 1958.99 1951.36 1944.37 1938.06 1932.31 1927.18 1922.67 1918.78 1915.5 1912.84 1910.8 1909.37 1908.55 1908.34 1908.75 1909.78 1911.42 1913.65 1916.52 1920.01 1924.12 1928.86 1934.23 1940.23 1946.87 1954.15 1962.07 1970.65 1979.87 1989.76 2000.31
41 2065.22 2050.46 2036.24 2022.7 2009.85 1997.67 1986.16 1975.31 1965.11 1955.57 1946.67 1938.41 1930.78 1923.79 1917.49 1911.74 1906.62 1902.12 1898.23 1894.96 1892.31 1890.27 1888.84 1888.03 1887.83 1888.24 1889.27 1890.91 1893.15 1896.02 1899.51 1903.63 1908.38 1913.76 1919.77 1926.42 1933.71 1941.65 1950.25 1959.51 1969.43 1980.02
42 2150.79 2135.96 2121.67 2108.05 2095.12 2082.85 2071.25 2060.31 2050.02 2040.38 2031.39 2023.04 2015.32 2008.23 2001.84 1996.0 1990.78 1986.19 1982.21 1978.85 1976.11 1973.98 1972.47 1971.57 1971.28 1971.61 1972.55 1974.11 1976.26 1979.05 1982.46 1986.49 1991.15 1996.44 2002.37 2008.93 2016.13 2023.97 2032.46 2041.61 2051.42 2061.9
42 2130.22 2115.35 2101.02 2087.39 2074.44 2062.16 2050.55 2039.61 2029.32 2019.68 2010.69 2002.34 1994.63 1987.55 1981.16 1975.33 1970.12 1965.53 1961.57 1958.21 1955.48 1953.35 1951.84 1950.95 1950.66 1950.99 1951.94 1953.5 1955.65 1958.45 1961.86 1965.9 1970.57 1975.87 1981.8 1988.37 1995.59 2003.46 2011.98 2021.17 2031.02 2041.54
43 2217.17 2202.21 2187.79 2174.06 2161.01 2148.63 2136.93 2125.89 2115.5 2105.77 2096.68 2088.24 2080.43 2073.26 2066.78 2060.85 2055.55 2050.87 2046.81 2043.37 2040.54 2038.32 2036.72 2035.74 2035.36 2035.61 2036.46 2037.93 2040.0 2042.7 2046.02 2049.97 2054.55 2059.75 2065.59 2072.07 2079.2 2086.97 2095.39 2104.48 2114.22 2124.64
43 2196.4 2181.43 2167.01 2153.27 2140.22 2127.85 2116.14 2105.1 2094.72 2084.99 2075.9 2067.46 2059.66 2052.49 2046.01 2040.09 2034.79 2030.12 2026.06 2022.62 2019.8 2017.59 2015.99 2015.01 2014.64 2014.89 2015.75 2017.23 2019.31 2022.02 2025.35 2029.31 2033.9 2039.12 2044.97 2051.47 2058.61 2066.41 2074.86 2083.97 2093.75 2104.2
44 2284.78 2269.71 2255.18 2241.34 2228.19 2215.71 2203.9 2192.76 2182.27 2172.44 2163.25 2154.71 2146.8 2139.53 2132.96 2126.94 2121.54 2116.77 2112.62 2109.09 2106.17 2103.87 2102.19 2101.12 2100.66 2100.82 2101.59 2102.98 2104.96 2107.58 2110.82 2114.69 2119.18 2124.3 2130.05 2136.44 2143.47 2151.15 2159.48 2168.46 2178.11 2188.42
44 2264.01 2248.9 2234.34 2220.48 2207.31 2194.81 2183.0 2171.85 2161.36 2151.52 2142.34 2133.8 2125.9 2118.63 2112.07 2106.05 2100.67 2095.9 2091.76 2088.23 2085.32 2083.03 2081.35 2080.28 2079.82 2079.98 2080.76 2082.15 2084.14 2086.76 2090.0 2093.87 2098.37 2103.5 2109.26 2115.66 2122.71 2130.41 2138.76 2147.77 2157.45 2167.81
45 2353.18 2338.1 2323.55 2309.67 2296.46 2283.92 2272.04 2260.82 2250.25 2240.33 2231.05 2222.41 2214.41 2207.04 2200.37 2194.25 2188.76 2183.89 2179.64 2176.01 2173.0 2170.61 2168.84 2167.68 2167.13 2167.2 2167.89 2169.2 2171.1 2173.64 2176.79 2180.57 2184.97 2190.0 2195.66 2201.95 2208.88 2216.44 2224.64 2233.49 2243.0 2253.15
45 2332.16 2317.09 2302.54 2288.67 2275.47 2262.93 2251.06 2239.84 2229.27 2219.35 2210.07 2201.43 2193.43 2186.06 2179.39 2173.27 2167.78 2162.91 2158.67 2155.04 2152.04 2149.65 2147.88 2146.73 2146.19 2146.27 2146.97 2148.28 2150.19 2152.74 2155.9 2159.69 2164.1 2169.14 2174.81 2181.1 2188.04 2195.6 2203.81 2212.67 2222.17 2232.32
46 2423.71 2408.44 2393.7 2379.66 2366.3 2353.61 2341.6 2330.25 2319.56 2309.52 2300.13 2291.38 2283.28 2275.81 2269.04 2262.82 2257.24 2252.27 2247.93 2244.21 2241.11 2238.62 2236.75 2235.5 2234.86 2234.84 2235.43 2236.64 2238.45 2240.89 2243.96 2247.65 2251.96 2256.91 2262.49 2268.7 2275.56 2283.06 2291.2 2300.01 2309.47 2319.59
46 2402.64 2387.34 2372.59 2358.53 2345.15 2332.46 2320.45 2309.09 2298.41 2288.37 2278.99 2270.25 2262.16 2254.7 2247.93 2241.73 2236.15 2231.19 2226.86 2223.14 2220.05 2217.57 2215.7 2214.45 2213.81 2213.79 2214.39 2215.6 2217.41 2219.86 2222.93 2226.62 2230.95 2235.9 2241.49 2247.72 2254.6 2262.12 2270.3 2279.14 2288.64 2298.82
47 2495.41 2479.96 2465.05 2450.85 2437.34 2424.52 2412.38 2400.9 2390.1 2379.95 2370.46 2361.61 2353.41 2345.84 2338.98 2332.67 2326.99 2321.94 2317.5 2313.68 2310.48 2307.9 2305.93 2304.58 2303.84 2303.72 2304.21 2305.32 2307.03 2309.37 2312.34 2315.93 2320.15 2325.0 2330.49 2336.62 2343.39 2350.82 2358.9 2367.65 2377.06 2387.15
47 2474.27 2458.79 2443.87 2429.65 2416.12 2403.29 2391.15 2379.67 2368.86 2358.72 2349.23 2340.39 2332.19 2324.63 2317.78 2311.47 2305.8 2300.75 2296.32 2292.51 2289.32 2286.74 2284.78 2283.44 2282.7 2282.58 2283.08 2284.2 2285.91 2288.26 2291.23 2294.82 2299.05 2303.91 2309.41 2315.56 2322.35 2329.8 2337.91 2346.68 2356.13 2366.26
48 2567.64 2552.22 2537.32 2523.1 2509.56 2496.69 2484.48 2472.94 2462.04 2451.8 2442.21 2433.26 2424.95 2417.27 2410.3 2403.88 2398.08 2392.92 2388.38 2384.45 2381.15 2378.47 2376.41 2374.96 2374.13 2373.92 2374.32 2375.35 2376.97 2379.22 2382.09 2385.59 2389.71 2394.46 2399.83 2405.84 2412.48 2419.76 2427.68 2436.24 2445.45 2455.31
48 2546.27 2530.86 2515.97 2501.75 2488.22 2475.35 2463.15 2451.6 2440.71 2430.47 2420.88 2411.93 2403.62 2395.95 2388.97 2382.56 2376.77 2371.61 2367.07 2363.15 2359.86 2357.18 2355.13 2353.69 2352.87 2352.66 2353.08 2354.11 2355.74 2358.01 2360.89 2364.4 2368.53 2373.28 2378.66 2384.67 2391.32 2398.6 2406.51 2415.07 2424.27 2434.13
49 2642.41 2626.75 2611.63 2597.21 2583.48 2570.44 2558.08 2546.38 2535.35 2524.99 2515.27 2506.2 2497.78 2490.0 2482.92 2476.4 2470.5 2465.24 2460.59 2456.57 2453.17 2450.39 2448.22 2446.67 2445.74 2445.42 2445.72 2446.64 2448.16 2450.32 2453.1 2456.5 2460.53 2465.19 2470.49 2476.43 2483.01 2490.24 2498.12 2506.66 2515.86 2525.74
49 2620.97 2605.29 2590.16 2575.73 2561.99 2548.95 2536.58 2524.89 2513.87 2503.5 2493.79 2484.73 2476.32 2468.55 2461.48 2454.96 2449.08 2443.82 2439.18 2435.17 2431.77 2428.99 2426.83 2425.28 2424.35 2424.04 2424.35 2425.27 2426.8 2428.96 2431.74 2435.16 2439.2 2443.88 2449.19 2455.15 2461.76 2469.02 2476.93 2485.52 2494.77 2504.71
50 2717.6 2701.92 2686.76 2672.3 2658.51 2645.39 2632.95 2621.16 2610.04 2599.57 2589.75 2580.57 2572.04 2564.14 2556.95 2550.31 2544.31 2538.93 2534.17 2530.04 2526.53 2523.64 2521.37 2519.71 2518.68 2518.26 2518.46 2519.28 2520.7 2522.75 2525.42 2528.72 2532.64 2537.18 2542.35 2548.15 2554.59 2561.66 2569.37 2577.73 2586.73 2596.39
50 2695.99 2680.33 2665.19 2650.73 2636.95 2623.84 2611.4 2599.62 2588.5 2578.03 2568.2 2559.03 2550.49 2542.6 2535.4 2528.77 2522.77 2517.39 2512.64 2508.51 2505.01 2502.12 2499.86 2498.22 2497.19 2496.79 2497.0 2497.83 2499.26 2501.32 2504.01 2507.31 2511.24 2515.8 2520.98 2526.79 2533.23 2540.3 2548.01 2556.36 2565.36 2575.0
51 2794.99 2779.13 2763.8 2749.17 2735.22 2721.96 2709.37 2697.44 2686.19 2675.59 2665.64 2656.34 2647.69 2639.68 2632.38 2625.63 2619.51 2614.02 2609.16 2604.92 2601.3 2598.3 2595.92 2594.15 2593.01 2592.48 2592.57 2593.28 2594.59 2596.52 2599.08 2602.27 2606.07 2610.51 2615.57 2621.27 2627.6 2634.57 2642.18 2650.44 2659.35 2668.91
51 2773.75 2757.77 2742.35 2727.64 2713.63 2700.32 2687.7 2675.75 2664.48 2653.88 2643.93 2634.64 2626.0 2618.0 2610.71 2603.97 2597.87 2592.39 2587.54 2583.31 2579.69 2576.7 2574.33 2572.57 2571.43 2570.9 2570.99 2571.71 2573.03 2574.98 2577.55 2580.76 2584.6 2589.07 2594.19 2599.95 2606.36 2613.43 2621.16 2629.57 2638.65 2648.41
52 2874.01 2857.92 2842.38 2827.54 2813.42 2799.98 2787.24 2775.17 2763.77 2753.04 2742.97 2733.56 2724.79 2716.67 2709.25 2702.4 2696.17 2690.57 2685.6 2681.24 2677.51 2674.4 2671.91 2670.03 2668.77 2668.13 2668.1 2668.69 2669.89 2671.72 2674.17 2677.25 2680.96 2685.3 2690.28 2695.9 2702.17 2709.09 2716.66 2724.9 2733.81 2743.4
52 2852.19 2836.1 2820.56 2805.73 2791.6 2778.17 2765.43 2753.36 2741.97 2731.24 2721.18 2711.76 2703.0 2694.88 2687.47 2680.61 2674.39 2668.8 2663.83 2659.48 2655.76 2652.65 2650.17 2648.3 2647.04 2646.41 2646.39 2647.0 2648.2 2650.04 2652.51 2655.6 2659.32 2663.67 2668.67 2674.3 2680.59 2687.52 2695.11 2703.37 2712.3 2721.9
53 2953.59 2937.5 2921.94 2907.08 2892.89 2879.39 2866.56 2854.4 2842.9 2832.05 2821.86 2812.32 2803.43 2795.18 2787.64 2780.65 2774.3 2768.57 2763.47 2759.0 2755.15 2751.93 2749.32 2747.33 2745.97 2745.22 2745.09 2745.58 2746.67 2748.39 2750.74 2753.7 2757.29 2761.5 2766.34 2771.81 2777.91 2784.64 2792.02 2800.03 2808.69 2818.0
53 2931.66 2915.58 2900.03 2885.16 2870.98 2857.48 2844.65 2832.49 2820.98 2810.14 2799.95 2790.41 2781.52 2773.27 2765.73 2758.74 2752.39 2746.67 2741.58 2737.12 2733.28 2730.06 2727.47 2725.49 2724.13 2723.4 2723.28 2723.78 2724.89 2726.62 2728.98 2731.95 2735.55 2739.77 2744.61 2750.09 2756.19 2762.92 2770.29 2778.3 2786.94 2796.23
54 3035.89 3019.52 3003.71 2988.62 2974.22 2960.53 2947.52 2935.19 2923.54 2912.55 2902.23 2892.56 2883.54 2875.16 2867.51 2860.4 2853.93 2848.09 2842.88 2838.29 2834.32 2830.98 2828.25 2826.14 2824.65 2823.77 2823.52 2823.88 2824.85 2826.45 2828.68 2831.53 2835.01 2839.12 2843.87 2849.26 2855.3 2861.98 2869.32 2877.33 2885.99 2895.34
54 3013.77 2997.42 2981.61 2966.52 2952.14 2938.44 2925.44 2913.12 2901.47 2890.49 2880.16 2870.5 2861.48 2853.11 2845.46 2838.36 2831.9 2826.06 2820.85 2816.27 2812.31 2808.97 2806.25 2804.15 2802.66 2801.8 2801.56 2801.93 2802.92 2804.53 2806.77 2809.63 2813.13 2817.26 2822.02 2827.43 2833.48 2840.19 2847.54 2855.56 2864.25 2873.61
55 3119.74 3103.12 3087.07 3071.75 3057.15 3043.26 3030.07 3017.57 3005.76 2994.63 2984.16 2974.35 2965.2 2956.7 2948.91 2941.69 2935.09 2929.13 2923.79 2919.08 2914.99 2911.52 2908.67 2906.44 2904.82 2903.82 2903.44 2903.68 2904.53 2906.0 2908.11 2910.84 2914.21 2918.21 2922.86 2928.15 2934.1 2940.71 2947.98 2955.93 2964.56 2973.89
55 3097.54 3080.91 3064.85 3049.52 3034.92 3021.03 3007.84 2995.35 2983.54 2972.41 2961.95 2952.16 2943.01 2934.52 2926.75 2919.53 2912.94 2906.99 2901.66 2896.96 2892.88 2889.42 2886.57 2884.35 2882.74 2881.74 2881.37 2881.62 2882.47 2883.96 2886.07 2888.82 2892.19 2896.21 2900.87 2906.19 2912.15 2918.78 2926.09 2934.07 2942.73 2952.09
56 3205.05 3188.2 3171.93 3156.41 3141.62 3127.56 3114.2 3101.54 3089.58 3078.3 3067.69 3057.75 3048.46 3039.83 3031.91 3024.56 3017.84 3011.75 3006.28 3001.44 2997.23 2993.63 2990.65 2988.28 2986.54 2985.41 2984.9 2985.01 2985.73 2987.08 2989.06 2991.67 2994.93 2998.82 3003.36 3008.56 3014.43 3020.96 3028.17 3036.06 3044.66 3053.96
56 3182.75 3165.87 3149.59 3134.05 3119.25 3105.18 3091.83 3079.18 3067.22 3055.94 3045.34 3035.41 3026.14 3017.52 3009.62 3002.28 2995.57 2989.49 2984.04 2979.2 2974.99 2971.4 2968.43 2966.07 2964.33 2963.2 2962.69 2962.81 2963.53 2964.89 2966.87 2969.49 2972.75 2976.66 2981.21 2986.43 2992.31 2998.87 3006.11 3014.05 3022.69 3032.05
57 3292.2 3275.09 3258.57 3242.82 3227.82 3213.56 3200.01 3187.19 3175.06 3163.62 3152.86 3142.77 3133.35 3124.58 3116.54 3109.05 3102.2 3095.98 3090.39 3085.42 3081.07 3077.34 3074.22 3071.73 3069.84 3068.58 3067.93 3067.91 3068.5 3069.72 3071.57 3074.05 3077.18 3080.96 3085.39 3090.48 3096.25 3102.69 3109.83 3117.67 3126.22 3135.49
57 3269.7 3252.58 3236.05 3220.3 3205.3 3191.03 3177.5 3164.68 3152.56 3141.13 3130.38 3120.31 3110.9 3102.14 3094.11 3086.64 3079.8 3073.59 3068.01 3063.04 3058.7 3054.98 3051.87 3049.38 3047.51 3046.25 3045.61 3045.59 3046.18 3047.41 3049.26 3051.76 3054.9 3058.69 3063.13 3068.25 3074.04 3080.51 3087.68 3095.56 3104.15 3113.48
58 3380.94 3363.57 3346.82 3330.84 3315.64 3301.18 3287.46 3274.46 3262.17 3250.58 3239.67 3229.44 3219.88 3210.97 3202.8 3195.18 3188.19 3181.84 3176.11 3171.01 3166.52 3162.65 3159.4 3156.76 3154.74 3153.33 3152.55 3152.38 3152.83 3153.91 3155.62 3157.98 3160.98 3164.63 3168.95 3173.94 3179.61 3185.98 3193.05 3200.83 3209.35 3218.61
58 3358.3 3340.93 3324.18 3308.21 3293.01 3278.56 3264.85 3251.86 3239.58 3228.0 3217.11 3206.89 3197.33 3188.44 3180.27 3172.66 3165.69 3159.34 3153.62 3148.53 3144.05 3140.19 3136.94 3134.31 3132.3 3130.9 3130.12 3129.96 3130.42 3131.51 3133.23 3135.6 3138.61 3142.28 3146.62 3151.63 3157.32 3163.71 3170.81 3178.63 3187.18 3196.48
59 3469.62 3452.45 3435.83 3419.94 3404.77 3390.31 3376.54 3363.47 3351.08 3339.37 3328.33 3317.95 3308.23 3299.16 3290.83 3283.04 3275.9 3269.39 3263.51 3258.26 3253.64 3249.63 3246.25 3243.49 3241.35 3239.82 3238.92 3238.63 3238.95 3239.9 3241.46 3243.65 3246.46 3249.9 3253.97 3258.68 3264.02 3270.0 3276.63 3283.92 3291.86 3300.46
59 3447.02 3429.83 3413.2 3397.3 3382.12 3367.64 3353.87 3340.79 3328.4 3316.68 3305.64 3295.26 3285.54 3276.48 3268.14 3260.37 3253.23 3246.73 3240.86 3235.62 3231.0 3227.01 3223.64 3220.89 3218.76 3217.25 3216.36 3216.08 3216.42 3217.37 3218.94 3221.14 3223.96 3227.4 3231.47 3236.18 3241.52 3247.5 3254.12 3261.39 3269.31 3277.89
60 3561.84 3544.42 3527.57 3511.47 3496.1 3481.44 3467.5 3454.26 3441.71 3429.84 3418.64 3408.12 3398.25 3389.04 3380.56 3372.63 3365.34 3358.68 3352.66 3347.26 3342.48 3338.33 3334.79 3331.88 3329.58 3327.91 3326.85 3326.42 3326.6 3327.4 3328.84 3330.9 3333.61 3336.95 3340.93 3345.57 3350.86 3356.81 3363.44 3370.74 3378.73 3387.41
60 3538.9 3521.49 3504.65 3488.56 3473.19 3458.55 3444.61 3431.38 3418.84 3406.98 3395.8 3385.28 3375.42 3366.22 3357.75 3349.83 3342.55 3335.91 3329.89 3324.5 3319.73 3315.59 3312.07 3309.16 3306.88 3305.21 3304.17 3303.74 3303.94 3304.75 3306.2 3308.28 3310.99 3314.34 3318.34 3322.98 3328.29 3334.25 3340.89 3348.2 3356.21 3364.9
61 3656.25 3638.51 3621.37 3604.99 3589.37 3574.49 3560.34 3546.9 3534.16 3522.11 3510.75 3500.07 3490.05 3480.68 3472.06 3463.98 3456.54 3449.74 3443.57 3438.02 3433.09 3428.79 3425.1 3422.03 3419.58 3417.75 3416.54 3415.96 3415.99 3416.65 3417.95 3419.88 3422.45 3425.68 3429.56 3434.1 3439.32 3445.22 3451.81 3459.1 3467.11 3475.84
61 3633.14 3615.41 3598.29 3581.93 3566.32 3551.45 3537.31 3523.88 3511.16 3499.12 3487.78 3477.1 3467.09 3457.74 3449.12 3441.05 3433.62 3426.83 3420.66 3415.12 3410.2 3405.91 3402.23 3399.17 3396.73 3394.91 3393.71 3393.13 3393.17 3393.84 3395.15 3397.09 3399.68 3402.92 3406.81 3411.37 3416.61 3422.53 3429.14 3436.46 3444.5 3453.26
62 3752.49 3734.43 3717.0 3700.35 3684.48 3669.37 3655.01 3641.37 3628.44 3616.22 3604.7 3593.85 3583.67 3574.15 3565.37 3557.15 3549.56 3542.61 3536.28 3530.58 3525.5 3521.04 3517.19 3513.96 3511.35 3509.36 3507.98 3507.23 3507.11 3507.61 3508.75 3510.53 3512.96 3516.05 3519.81 3524.25 3529.37 3535.2 3541.73 3548.99 3556.99 3565.74
62 3729.22 3711.2 3693.79 3677.16 3661.31 3646.22 3631.87 3618.24 3605.33 3593.12 3581.6 3570.76 3560.59 3551.08 3542.31 3534.09 3526.51 3519.56 3513.24 3507.55 3502.48 3498.02 3494.19 3490.97 3488.37 3486.39 3485.03 3484.3 3484.19 3484.7 3485.86 3487.66 3490.1 3493.21 3496.98 3501.43 3506.57 3512.41 3518.95 3526.22 3534.23 3542.99
63 3850.67 3832.32 3814.61 3797.7 3781.59 3766.25 3751.66 3737.82 3724.7 3712.29 3700.58 3689.55 3679.2 3669.51 3660.57 3652.18 3644.43 3637.31 3630.82 3624.96 3619.71 3615.09 3611.08 3607.69 3604.92 3602.76 3601.23 3600.32 3600.04 3600.39 3601.38 3603.02 3605.31 3608.27 3611.91 3616.24 3621.27 3627.01 3633.47 3640.68 3648.65 3657.39
63 3827.27 3808.94 3791.23 3774.34 3758.24 3742.92 3728.35 3714.52 3701.42 3689.03 3677.33 3666.32 3655.98 3646.31 3637.38 3629.0 3621.26 3614.16 3607.68 3601.82 3596.58 3591.96 3587.96 3584.57 3581.8 3579.65 3578.12 3577.22 3576.94 3577.3 3578.29 3579.94 3582.24 3585.21 3588.86 3593.21 3598.25 3604.01 3610.51 3617.75 3625.76 3634.54
64 3951.34 3932.6 3914.52 3897.28 3880.86 3865.23 3850.39 3836.3 3822.95 3810.33 3798.41 3787.2 3776.66 3766.8 3757.69 3749.13 3741.21 3733.93 3727.27 3721.24 3715.83 3711.04 3706.86 3703.3 3700.35 3698.02 3696.31 3695.22 3694.77 3694.94 3695.76 3697.23 3699.36 3702.16 3705.65 3709.84 3714.73 3720.36 3726.72 3733.85 3741.76 3750.47
64 3927.54 3908.85 3890.82 3873.62 3857.24 3841.65 3826.84 3812.78 3799.46 3786.87 3774.98 3763.78 3753.26 3743.42 3734.32 3725.78 3717.88 3710.61 3703.97 3697.95 3692.55 3687.77 3683.61 3680.06 3677.13 3674.81 3673.12 3672.05 3671.61 3671.8 3672.64 3674.12 3676.27 3679.1 3682.61 3686.82 3691.74 3697.39 3703.78 3710.94 3718.87 3727.61
65 4053.69 4034.64 4016.27 3998.75 3982.06 3966.18 3951.1 3936.78 3923.21 3910.37 3898.25 3886.83 3876.1 3866.05 3856.75 3848.01 3839.91 3832.45 3825.62 3819.42 3813.83 3808.87 3804.52 3800.79 3797.68 3795.19 3793.31 3792.07 3791.46 3791.48 3792.14 3793.46 3795.45 3798.11 3801.47 3805.52 3810.3 3815.81 3822.08 3829.12 3836.95 3845.59
65 4030.03 4010.97 3992.59 3975.07 3958.39 3942.53 3927.45 3913.15 3899.6 3886.78 3874.68 3863.28 3852.57 3842.53 3833.25 3824.53 3816.45 3809.0 3802.19 3796.0 3790.43 3785.48 3781.14 3777.41 3774.31 3771.82 3769.95 3768.71 3768.1 3768.12 3768.79 3770.11 3772.11 3774.78 3778.14 3782.21 3787.0 3792.53 3798.82 3805.89 3813.75 3822.43
66 4158.53 4139.09 4120.36 4102.51 4085.51 4069.33 4053.97 4039.39 4025.57 4012.5 4000.16 3988.53 3977.59 3967.34 3957.85 3948.91 3940.63 3932.98 3925.97 3919.58 3913.82 3908.67 3904.15 3900.23 3896.94 3894.27 3892.21 3890.79 3890.0 3889.84 3890.33 3891.48 3893.3 3895.81 3899.01 3902.92 3907.56 3912.94 3919.1 3926.03 3933.78 3942.36
66 4134.44 4115.04 4096.33 4078.51 4061.54 4045.4 4030.07 4015.52 4001.74 3988.7 3976.38 3964.78 3953.87 3943.64 3934.18 3925.26 3917.0 3909.37 3902.38 3896.01 3890.26 3885.13 3880.61 3876.71 3873.43 3870.76 3868.71 3867.3 3866.52 3866.37 3866.87 3868.03 3869.87 3872.39 3875.61 3879.54 3884.21 3889.63 3895.82 3902.8 3910.6 3919.23
