Orders fit with Mirek Brandt's and Tim Brandt's echelle_orders.py for iord=0,66, ifib=0,1, 20. Fitted on 2018-9-24 on filelscnrs01-fa09-20180919-0021-w00.fits.fz
nfib 2 0 1
iord 41.0 138.0 236.0 334.0 432.0 530.0 628.0 726.0 824.0 922.0 1020.0 1118.0 1216.0 1314.0 1411.0 1509.0 1607.0 1705.0 1803.0 1901.0 1999.0 2097.0 2195.0 2293.0 2391.0 2489.0 2587.0 2685.0 2782.0 2880.0 2978.0 3076.0 3174.0 3272.0 3370.0 3468.0 3566.0 3664.0 3762.0 3860.0 3958.0 4056.0
0 206.34 193.83 181.89 170.63 160.07 150.17 140.94 132.36 124.42 117.13 110.46 104.42 99.0 94.2 90.04 86.44 83.44 81.04 79.23 78.02 77.4 77.37 77.94 79.09 80.84 83.19 86.13 89.67 93.77 98.51 103.86 109.83 116.43 123.65 131.51 140.0 149.15 158.96 169.44 180.59 192.43 204.97
0 188.32 175.82 163.88 152.63 142.06 132.17 122.93 114.35 106.41 99.11 92.43 86.39 80.96 76.15 71.98 68.37 65.37 62.96 61.15 59.94 59.32 59.29 59.85 61.01 62.76 65.11 68.06 71.61 75.71 80.46 85.83 91.81 98.41 105.64 113.51 122.02 131.18 140.99 151.48 162.64 174.48 187.03
1 239.92 227.4 215.44 204.18 193.59 183.68 174.42 165.82 157.86 150.54 143.85 137.78 132.33 127.5 123.31 119.68 116.66 114.23 112.4 111.17 110.52 110.47 111.02 112.15 113.88 116.21 119.13 122.65 126.73 131.46 136.8 142.75 149.33 156.54 164.37 172.85 181.98 191.77 202.22 213.35 225.16 237.67
1 221.83 209.31 197.36 186.1 175.52 165.61 156.35 147.75 139.8 132.48 125.79 119.72 114.28 109.44 105.25 101.63 98.6 96.17 94.34 93.1 92.45 92.4 92.94 94.07 95.8 98.12 101.04 104.56 108.64 113.37 118.71 124.67 131.24 138.45 146.3 154.78 163.92 173.71 184.18 195.32 207.15 219.67
2 273.83 261.31 249.36 238.09 227.49 217.56 208.28 199.66 191.68 184.33 177.61 171.51 166.03 161.16 156.95 153.29 150.23 147.78 145.92 144.66 143.99 143.91 144.43 145.54 147.25 149.56 152.46 155.97 160.03 164.74 170.06 176.0 182.56 189.75 197.57 206.03 215.13 224.89 235.31 246.4 258.18 270.64
2 255.69 243.15 231.17 219.89 209.29 199.35 190.08 181.46 173.48 166.14 159.43 153.35 147.88 143.02 138.82 135.17 132.12 129.67 127.82 126.56 125.89 125.82 126.34 127.45 129.15 131.45 134.35 137.85 141.9 146.61 151.92 157.85 164.41 171.59 179.41 187.87 196.98 206.75 217.19 228.31 240.12 252.62
3 308.18 295.62 283.63 272.32 261.7 251.74 242.43 233.78 225.78 218.41 211.66 205.55 200.05 195.16 190.93 187.25 184.17 181.7 179.82 178.54 177.85 177.75 178.25 179.34 181.02 183.3 186.18 189.66 193.7 198.38 203.68 209.59 216.12 223.28 231.08 239.51 248.59 258.32 268.72 279.79 291.55 303.99
3 289.97 277.39 265.38 254.07 243.43 233.47 224.17 215.52 207.52 200.15 193.42 187.31 181.82 176.94 172.71 169.04 165.97 163.5 161.63 160.35 159.66 159.57 160.06 161.15 162.83 165.11 167.99 171.46 175.5 180.18 185.47 191.38 197.91 205.07 212.86 221.3 230.39 240.13 250.54 261.63 273.41 285.89
4 342.89 330.32 318.32 307.0 296.35 286.36 277.04 268.36 260.32 252.92 246.15 240.0 234.47 229.56 225.29 221.58 218.48 215.97 214.06 212.75 212.03 211.91 212.38 213.45 215.11 217.37 220.23 223.69 227.7 232.37 237.64 243.54 250.05 257.19 264.96 273.37 282.43 292.14 302.51 313.56 325.28 337.69
4 324.6 312.02 300.0 288.67 278.02 268.04 258.71 250.04 242.0 234.61 227.84 221.7 216.18 211.27 207.01 203.3 200.2 197.7 195.8 194.49 193.77 193.65 194.13 195.19 196.85 199.11 201.97 205.42 209.44 214.1 219.37 225.27 231.78 238.92 246.69 255.11 264.17 273.89 284.27 295.33 307.07 319.51
5 378.02 365.44 353.41 342.07 331.39 321.38 312.03 303.32 295.26 287.83 281.03 274.85 269.29 264.34 260.04 256.31 253.17 250.64 248.7 247.37 246.62 246.48 246.93 247.97 249.61 251.85 254.69 258.12 262.12 266.77 272.03 277.9 284.39 291.51 299.26 307.65 316.68 326.36 336.7 347.71 359.39 371.76
5 359.75 347.11 335.04 323.67 312.98 302.96 293.61 284.91 276.86 269.45 262.67 256.51 250.97 246.05 241.77 238.06 234.94 232.42 230.5 229.17 228.44 228.29 228.74 229.78 231.41 233.64 236.46 239.88 243.87 248.49 253.73 259.58 266.06 273.17 280.91 289.29 298.33 308.02 318.39 329.43 341.16 353.59
6 413.63 401.02 388.97 377.59 366.89 356.86 347.47 338.74 330.64 323.18 316.35 310.15 304.56 299.58 295.26 291.49 288.33 285.77 283.81 282.44 281.67 281.5 281.92 282.93 284.55 286.76 289.57 292.98 296.95 301.57 306.8 312.65 319.12 326.21 333.93 342.29 351.3 360.95 371.27 382.25 393.91 406.25
6 395.26 382.61 370.53 359.13 348.42 338.38 329.0 320.27 312.19 304.75 297.93 291.74 286.17 281.22 276.91 273.16 270.02 267.47 265.51 264.16 263.39 263.22 263.64 264.65 266.26 268.46 271.26 274.66 278.62 283.23 288.45 294.28 300.73 307.82 315.53 323.89 332.9 342.57 352.9 363.91 375.61 388.0
7 449.7 437.07 424.99 413.59 402.86 392.79 383.38 374.61 366.49 359.0 352.14 345.9 340.27 335.27 330.91 327.12 323.93 321.33 319.34 317.95 317.15 316.95 317.35 318.34 319.93 322.12 324.91 328.3 332.25 336.84 342.05 347.87 354.32 361.39 369.08 377.42 386.39 396.02 406.3 417.24 428.86 441.16
7 431.31 418.61 406.49 395.06 384.32 374.25 364.84 356.08 347.97 340.5 333.66 327.45 321.86 316.88 312.55 308.77 305.6 303.03 301.05 299.67 298.88 298.68 299.08 300.06 301.64 303.82 306.59 309.96 313.89 318.46 323.65 329.45 335.87 342.93 350.61 358.94 367.92 377.55 387.86 398.84 410.5 422.87
8 486.27 473.62 461.52 450.09 439.34 429.24 419.8 411.0 402.84 395.32 388.42 382.15 376.5 371.46 367.07 363.24 360.01 357.39 355.37 353.95 353.12 352.89 353.26 354.22 355.78 357.94 360.71 364.07 368.0 372.57 377.75 383.55 389.96 397.01 404.68 412.98 421.93 431.53 441.78 452.69 464.28 476.54
8 467.82 455.1 442.96 431.5 420.73 410.63 401.19 392.4 384.26 376.76 369.89 363.65 358.02 353.01 348.65 344.85 341.64 339.04 337.03 335.62 334.8 334.57 334.93 335.89 337.44 339.59 342.33 345.67 349.58 354.12 359.28 365.06 371.46 378.48 386.15 394.45 403.41 413.02 423.3 434.26 445.91 458.25
9 523.37 510.69 498.57 487.11 476.33 466.2 456.72 447.89 439.7 432.15 425.22 418.91 413.22 408.15 403.73 399.87 396.61 393.95 391.9 390.45 389.59 389.33 389.67 390.6 392.13 394.27 397.0 400.34 404.24 408.78 413.94 419.71 426.1 433.12 440.76 449.04 457.96 467.53 477.75 488.63 500.18 512.4100000000001
9 504.9 492.14 479.95 468.46 457.65 447.51 438.04 429.23 421.06 413.52 406.62 400.35 394.7 389.66 385.27 381.44 378.21 375.58 373.54 372.1 371.25 371.0 371.33 372.26 373.78 375.9 378.61 381.93 385.8 390.32 395.44 401.19 407.56 414.55 422.18 430.45 439.38 448.96 459.21 470.14 481.75 494.07
10 561.03 548.32 536.17 524.68 513.86 503.7 494.19 485.33 477.1 469.51 462.54 456.2 450.47 445.36 440.91 437.01 433.72 431.03 428.94 427.46 426.57 426.28 426.59 427.49 429.0 431.1 433.81 437.12 440.99 445.51 450.64 456.38 462.74 469.73 477.35 485.6 494.49 504.02 514.21 525.06 536.57 548.76
10 542.47 529.7 517.49 505.97 495.14 484.97 475.47 466.62 458.42 450.85 443.92 437.61 431.92 426.84 422.42 418.55 415.28 412.62 410.54 409.07 408.19 407.9 408.2 409.09 410.58 412.67 415.35 418.64 422.48 426.97 432.08 437.79 444.14 451.1 458.71 466.96 475.85 485.41 495.63 506.53 518.12 530.41
11 599.22 586.5 574.32 562.81 551.96 541.76 532.22 523.32 515.06 507.43 500.42 494.04 488.28 483.13 478.64 474.71 471.38 468.65 466.53 465.01 464.09 463.77 464.05 464.92 466.4 468.48 471.16 474.44 478.29 482.78 487.88 493.6 499.94 506.9 514.49 522.71 531.57 541.08 551.23 562.04 573.51 585.65
11 580.64 567.83 555.59 544.04 533.17 522.97 513.43 504.55 496.32 488.72 481.75 475.41 469.69 464.58 460.13 456.23 452.93 450.24 448.13 446.63 445.71 445.39 445.67 446.53 447.99 450.04 452.69 455.95 459.76 464.22 469.28 474.97 481.28 488.21 495.78 504.0 512.86 522.38 532.57 543.43 554.98 567.23
12 638.0 625.25 613.03 601.49 590.61 580.38 570.8 561.86 553.56 545.9 538.85 532.44 526.64 521.45 516.92 512.95 509.59 506.83 504.67 503.11 502.16 501.8 502.05 502.89 504.34 506.39 509.04 512.29 516.11 520.57 525.65 531.34 537.65 544.58 552.14 560.34 569.17 578.64 588.76 599.54 610.98 623.08
12 619.38 606.56 594.29 582.71 571.81 561.58 552.01 543.09 534.82 527.18 520.17 513.79 508.02 502.87 498.37 494.43 491.1 488.36 486.22 484.67 483.72 483.37 483.61 484.44 485.87 487.89 490.52 493.74 497.53 501.96 507.0 512.6600000000001 518.94 525.85 533.4 541.58 550.42 559.91 570.06 580.89 592.4 604.61
13 677.39 664.61 652.37 640.8 629.89 619.63 610.02 601.04 592.71 585.0 577.92 571.47 565.63 560.4 555.83 551.83 548.42 545.63 543.43 541.84 540.85 540.46 540.66 541.47 542.88 544.9 547.51 550.73 554.52 558.95 564.0 569.66 575.93 582.84 590.36 598.52 607.32 616.76 626.85 637.59 648.99 661.06
13 658.72 645.88 633.6 621.99 611.06 600.8 591.19 582.23 573.91 566.22 559.17 552.74 546.93 541.73 537.19 533.2 529.82 527.04 524.85 523.27 522.28 521.89 522.1 522.9 524.3 526.3 528.9 532.1 535.86 540.27 545.3 550.94 557.2 564.09 571.61 579.77 588.58 598.04 608.16 618.95 630.42 642.57
14 717.42 704.61 692.34 680.73 669.79 659.49 649.83 640.82 632.44 624.7 617.58 611.08 605.2 599.93 595.32 591.27 587.83 585.0 582.76 581.14 580.11 579.68 579.86 580.63 582.01 583.99 586.58 589.77 593.53 597.93 602.94 608.57 614.82 621.69 629.19 637.31 646.07 655.48 665.53 676.22 687.58 699.6
14 698.71 685.85 673.53 661.9 650.94 640.63 630.99 621.99 613.63 605.9 598.8 592.33 586.48 581.24 576.65 572.62 569.2 566.38 564.16 562.54 561.52 561.09 561.26 562.03 563.4 565.37 567.93 571.11 574.84 579.22 584.22 589.83 596.06 602.92 610.41 618.54 627.31 636.73 646.81 657.56 668.98 681.09
15 758.07 745.24 732.94 721.31 710.32 699.99 690.3 681.25 672.83 665.04 657.87 651.33 645.41 640.1 635.45 631.36 627.88 625.0 622.73 621.06 619.99 619.53 619.67 620.41 621.75 623.7 626.26 629.41 633.14 637.51 642.49 648.09 654.31 661.15 668.61 676.71 685.43 694.8 704.81 715.46 726.77 738.74
15 739.3 726.43 714.1 702.45 691.45 681.11 671.42 662.38 653.97 646.2 639.05 632.52 626.62 621.33 616.7 612.62 609.15 606.29 604.02 602.36 601.3 600.84 600.97 601.71 603.05 604.99 607.53 610.68 614.39 618.75 623.72 629.3 635.51 642.34 649.81 657.9 666.64 676.02 686.05 696.75 708.1 720.14
16 799.42 786.54 774.2 762.52 751.49 741.12 731.38 722.29 713.83 706.0 698.8 692.22 686.26 680.91 676.22 672.09 668.57 665.66 663.35 661.64 660.54 660.04 660.14 660.84 662.15 664.06 666.58 669.7 673.39 677.73 682.67 688.24 694.42 701.22 708.65 716.71 725.41 734.74 744.71 755.34 766.62 778.57
16 780.6 767.7 755.33 743.64 732.61 722.23 712.5 703.41 694.96 687.14 679.95 673.38 667.43 662.1 657.42 653.3 649.79 646.88 644.58 642.88 641.78 641.28 641.38 642.08 643.39 645.29 647.8 650.91 654.6 658.92 663.86 669.42 675.59 682.39 689.82 697.88 706.58 715.93 725.92 736.57 747.89 759.87
17 841.45 828.53 816.15 804.42 793.35 782.93 773.15 764.02 755.52 747.64 740.4 733.78 727.77 722.39 717.66 713.49 709.93 706.97 704.62 702.88 701.74 701.2 701.26 701.93 703.2 705.07 707.55 710.64 714.29 718.59 723.5 729.02 735.17 741.93 749.33 757.35 766.0 775.3 785.23 795.82 807.06 818.96
17 822.56 809.64 797.24 785.51 774.44 764.02 754.25 745.11 736.62 728.75 721.51 714.89 708.89 703.51 698.78 694.62 691.06 688.11 685.76 684.02 682.88 682.34 682.41 683.07 684.34 686.22 688.69 691.78 695.43 699.73 704.64 710.16 716.31 723.07 730.47 738.5 747.16 756.46 766.41 777.01 788.27 800.19
18 884.18 871.22 858.79 847.02 835.91 825.44 815.62 806.44 797.9 789.98 782.69 776.02 769.97 764.54 759.77 755.55 751.95 748.95 746.56 744.77 743.59 743.01 743.04 743.67 744.9 746.73 749.18 752.22 755.84 760.1 764.98 770.46 776.57 783.3 790.65 798.64 807.25 816.5 826.4 836.94 848.13 859.99
18 865.22 852.27 839.84 828.08 816.97 806.51 796.69 787.51 778.97 771.05 763.77 757.1 751.05 745.62 740.85 736.63 733.03 730.03 727.64 725.85 724.66 724.08 724.11 724.74 725.97 727.8 730.24 733.29 736.91 741.18 746.05 751.55 757.66 764.4 771.76 779.75 788.38 797.65 807.56 818.13 829.34 841.22
19 927.61 914.62 902.15 890.34 879.18 868.67 858.81 849.58 840.99 833.03 825.69 818.97 812.88 807.4 802.58 798.33 794.68 791.64 789.2 787.37 786.15 785.53 785.51 786.1 787.29 789.09 791.49 794.5 798.08 802.31 807.14 812.6 818.67 825.36 832.67 840.62 849.19 858.4 868.26 878.75 889.9 901.71
19 908.66 895.65 883.17 871.35 860.19 849.68 839.81 830.58 821.99 814.03 806.7 799.99 793.9 788.42 783.61 779.35 775.7 772.67 770.23 768.4 767.18 766.56 766.55 767.13 768.32 770.12 772.52 775.53 779.11 783.33 788.17 793.62 799.7 806.39 813.71 821.66 830.25 839.48 849.34 859.86 871.04 882.87
20 971.79 958.74 946.22 934.36 923.16 912.6 902.69 893.42 884.78 876.78 869.4 862.64 856.5 850.98 846.12 841.82 838.13 835.05 832.57 830.7 829.44 828.78 828.72 829.26 830.41 832.17 834.53 837.5 841.03 845.21 850.01 855.42 861.44 868.09 875.36 883.27 891.8 900.97 910.78 921.24 932.35 944.11
20 952.79 939.73 927.21 915.35 904.14 893.58 883.67 874.39 865.75 857.75 850.37 843.61 837.47 831.95 827.09 822.79 819.1 816.01 813.54 811.67 810.4 809.74 809.68 810.22 811.37 813.12 815.49 818.45 821.99 826.17 830.97 836.38 842.41 849.07 856.35 864.26 872.8 881.99 891.81 902.29 913.42 925.21
21 1016.73 1003.64 991.07 979.16 967.91 957.3 947.35 938.03 929.34 921.29 913.86 907.05 900.87 895.3 890.4 886.05 882.31 879.19 876.66 874.75 873.44 872.73 872.63 873.13 874.23 875.94 878.26 881.18 884.68 888.82 893.57 898.93 904.92 911.52 918.75 926.61 935.1 944.23 954.0 964.42 975.49 987.21
21 997.68 984.57 971.99 960.08 948.82 938.22 928.25 918.93 910.24 902.19 894.76 887.96 881.77 876.2 871.3 866.95 863.22 860.09 857.57 855.65 854.34 853.64 853.53 854.03 855.14 856.85 859.17 862.1 865.59 869.73 874.49 879.86 885.84 892.46 899.69 907.56 916.06 925.2 934.98 945.41 956.49 968.24
22 1062.44 1049.3 1036.68 1024.72 1013.41 1002.76 992.75 983.38 974.65 966.54 959.07 952.22 945.99 940.37 935.42 931.03 927.25 924.07 921.5 919.54 918.19 917.43 917.28 917.74 918.8 920.47 922.74 925.62 929.07 933.16 937.87 943.19 949.13 955.69 962.88 970.69 979.14 988.23 997.95 1008.33 1019.36 1031.04
22 1043.34 1030.18 1017.55 1005.58 994.27 983.61 973.6 964.23 955.49 947.39 939.91 933.06 926.82 921.21 916.26 911.86 908.08 904.91 902.34 900.38 899.02 898.27 898.12 898.58 899.64 901.3 903.58 906.46 909.91 914.01 918.72 924.04 929.99 936.56 943.75 951.58 960.04 969.13 978.88 989.27 1000.31 1012.02
23 1108.93 1095.73 1083.07 1071.06 1059.71 1049.01 1038.95 1029.53 1020.75 1012.59 1005.07 998.17 991.88 986.22 981.22 976.78 972.94 969.72 967.1 965.09 963.69 962.88 962.69 963.1 964.11 965.73 967.96 970.79 974.2 978.25 982.91 988.19 994.08 1000.6 1007.75 1015.52 1023.93 1032.97 1042.66 1052.99 1063.98 1075.62
23 1089.78 1076.57 1063.89 1051.87 1040.5 1029.79 1019.73 1010.3 1001.52 993.36 985.84 978.93 972.65 966.99 961.99 957.55 953.72 950.5 947.88 945.88 944.47 943.67 943.48 943.89 944.9 946.52 948.75 951.58 954.99 959.04 963.7 968.98 974.88 981.4 988.55 996.33 1004.74 1013.8 1023.49 1033.84 1044.83 1056.49
24 1156.25 1142.99 1130.27 1118.2 1106.8 1096.04 1085.93 1076.46 1067.63 1059.42 1051.85 1044.9 1038.57 1032.85 1027.81 1023.32 1019.44 1016.16 1013.5 1011.44 1009.99 1009.14 1008.9 1009.26 1010.23 1011.8 1013.98 1016.76 1020.12 1024.12 1028.74 1033.97 1039.82 1046.29 1053.39 1061.11 1069.47 1078.47 1088.11 1098.4 1109.34 1120.94
24 1137.01 1123.75 1111.02 1098.95 1087.53 1076.77 1066.65 1057.18 1048.34 1040.13 1032.56 1025.6 1019.27 1013.55 1008.5 1004.01 1000.13 996.86 994.19 992.14 990.68 989.84 989.59 989.95 990.92 992.5 994.68 997.46 1000.82 1004.83 1009.45 1014.68 1020.54 1027.01 1034.12 1041.85 1050.22 1059.22 1068.87 1079.17 1090.12 1101.73
25 1204.38 1191.07 1178.29 1166.17 1154.71 1143.9 1133.73 1124.21 1115.32 1107.06 1099.43 1092.43 1086.05 1080.28 1075.18 1070.64 1066.71 1063.39 1060.67 1058.57 1057.07 1056.17 1055.88 1056.19 1057.11 1058.63 1060.76 1063.5 1066.81 1070.77 1075.33 1080.52 1086.32 1092.75 1099.8 1107.48 1115.79 1124.74 1134.33 1144.57 1155.46 1167.01
25 1185.09 1171.77 1158.98 1146.85 1135.39 1124.57 1114.4 1104.87 1095.97 1087.71 1080.08 1073.07 1066.69 1060.92 1055.82 1051.28 1047.34 1044.02 1041.31 1039.2 1037.7 1036.8 1036.51 1036.82 1037.74 1039.26 1041.4 1044.14 1047.45 1051.41 1055.98 1061.17 1066.98 1073.41 1080.46 1088.15 1096.47 1105.43 1115.03 1125.28 1136.18 1147.75
26 1253.36 1240.0 1227.17 1215.0 1203.48 1192.62 1182.39 1172.81 1163.87 1155.55 1147.87 1140.81 1134.37 1128.55 1123.39 1118.79 1114.81 1111.43 1108.66 1106.5 1104.95 1104.0 1103.66 1103.92 1104.79 1106.26 1108.34 1111.04 1114.3 1118.21 1122.73 1127.87 1133.62 1140.0 1147.0 1154.64 1162.9 1171.8 1181.34 1191.53 1202.37 1213.86
26 1233.97 1220.61 1207.77 1195.6 1184.07 1173.2 1162.98 1153.4 1144.45 1136.13 1128.44 1121.38 1114.94 1109.12 1103.96 1099.36 1095.38 1092.0 1089.23 1087.07 1085.51 1084.56 1084.22 1084.48 1085.35 1086.83 1088.91 1091.61 1094.87 1098.78 1103.3 1108.45 1114.21 1120.59 1127.6 1135.24 1143.51 1152.42 1161.98 1172.18 1183.03 1194.54
27 1303.25 1289.82 1276.92 1264.68 1253.1 1242.17 1231.88 1222.24 1213.24 1204.87 1197.13 1190.02 1183.52 1177.65 1172.44 1167.79 1163.76 1160.33 1157.51 1155.3 1153.69 1152.69 1152.3 1152.51 1153.33 1154.75 1156.78 1159.42 1162.63 1166.49 1170.95 1176.04 1181.74 1188.07 1195.02 1202.61 1210.82 1219.67 1229.17 1239.31 1250.11 1261.56
27 1283.8 1270.37 1257.46 1245.21 1233.63 1222.69 1212.41 1202.76 1193.76 1185.38 1177.64 1170.52 1164.03 1158.15 1152.94 1148.29 1144.25 1140.82 1138.0 1135.79 1134.18 1133.18 1132.78 1132.99 1133.81 1135.24 1137.27 1139.91 1143.12 1146.98 1151.45 1156.54 1162.25 1168.58 1175.54 1183.13 1191.35 1200.22 1209.72 1219.88 1230.68 1242.15
28 1353.99 1340.5 1327.54 1315.25 1303.61 1292.62 1282.28 1272.58 1263.52 1255.09 1247.29 1240.12 1233.57 1227.63 1222.37 1217.66 1213.57 1210.08 1207.21 1204.94 1203.28 1202.23 1201.78 1201.94 1202.7 1204.07 1206.05 1208.63 1211.8 1215.6 1220.01 1225.05 1230.7 1236.98 1243.88 1251.4 1259.57 1268.36 1277.81 1287.89 1298.63 1310.02
28 1334.43 1320.95 1307.99 1295.69 1284.05 1273.06 1262.71 1253.01 1243.95 1235.51 1227.71 1220.54 1213.98 1208.05 1202.78 1198.07 1193.97 1190.49 1187.61 1185.34 1183.68 1182.63 1182.18 1182.33 1183.1 1184.47 1186.45 1189.04 1192.2 1196.01 1200.43 1205.47 1211.12 1217.41 1224.31 1231.85 1240.02 1248.83 1258.28 1268.38 1279.14 1290.55
29 1405.68 1392.11 1379.08 1366.71 1355.01 1343.95 1333.55 1323.79 1314.66 1306.18 1298.32 1291.09 1284.48 1278.49 1273.17 1268.41 1264.26 1260.72 1257.79 1255.47 1253.75 1252.64 1252.14 1252.24 1252.95 1254.26 1256.18 1258.71 1261.82 1265.57 1269.93 1274.91 1280.51 1286.73 1293.58 1301.06 1309.17 1317.93 1327.32 1337.37 1348.07 1359.43
29 1386.06 1372.5 1359.47 1347.1 1335.39 1324.33 1313.92 1304.15 1295.03 1286.53 1278.67 1271.43 1264.82 1258.83 1253.51 1248.74 1244.59 1241.04 1238.11 1235.79 1234.07 1232.96 1232.45 1232.56 1233.27 1234.58 1236.51 1239.04 1242.15 1245.9 1250.27 1255.25 1260.86 1267.08 1273.94 1281.42 1289.54 1298.3 1307.7 1317.75 1328.45 1339.81
30 1458.25 1444.63 1431.53 1419.1 1407.33 1396.22 1385.75 1375.92 1366.74 1358.18 1350.26 1342.97 1336.3 1330.25 1324.87 1320.05 1315.84 1312.24 1309.25 1306.86 1305.09 1303.92 1303.36 1303.41 1304.06 1305.32 1307.19 1309.67 1312.72 1316.41 1320.72 1325.65 1331.2 1337.37 1344.16 1351.59 1359.65 1368.35 1377.69 1387.68 1398.32 1409.62
30 1438.5 1424.89 1411.8 1399.38 1387.61 1376.5 1366.03 1356.21 1347.02 1338.47 1330.54 1323.25 1316.58 1310.52 1305.14 1300.31 1296.1 1292.5 1289.51 1287.12 1285.35 1284.18 1283.62 1283.66 1284.32 1285.58 1287.45 1289.92 1292.98 1296.68 1300.99 1305.92 1311.47 1317.65 1324.45 1331.88 1339.95 1348.65 1358.0 1367.99 1378.64 1389.95
31 1511.79 1498.09 1484.93 1472.43 1460.59 1449.41 1438.87 1428.98 1419.73 1411.12 1403.14 1395.78 1389.05 1382.94 1377.5 1372.61 1368.34 1364.68 1361.63 1359.19 1357.36 1356.13 1355.51 1355.5 1356.09 1357.3 1359.11 1361.52 1364.52 1368.16 1372.41 1377.28 1382.77 1388.88 1395.62 1402.99 1411.0 1419.64 1428.93 1438.86 1449.45 1460.7
31 1491.96 1478.28 1465.12 1452.63 1440.79 1429.61 1419.08 1409.19 1399.94 1391.32 1383.33 1375.97 1369.24 1363.12 1357.68 1352.79 1348.52 1344.86 1341.81 1339.36 1337.53 1336.3 1335.68 1335.67 1336.27 1337.47 1339.28 1341.71 1344.71 1348.35 1352.61 1357.48 1362.98 1369.1 1375.84 1383.22 1391.23 1399.88 1409.17 1419.11 1429.7 1440.95
32 1566.25 1552.5 1539.27 1526.71 1514.8 1503.55 1492.95 1483.0 1473.68 1465.0 1456.95 1449.53 1442.74 1436.56 1431.06 1426.11 1421.78 1418.05 1414.94 1412.44 1410.55 1409.26 1408.58 1408.51 1409.05 1410.19 1411.94 1414.3 1417.24 1420.82 1425.02 1429.83 1435.27 1441.32 1448.0 1455.32 1463.26 1471.85 1481.08 1490.95 1501.48 1512.66
32 1546.3 1532.56 1519.35 1506.81 1494.91 1483.67 1473.08 1463.13 1453.81 1445.13 1437.08 1429.66 1422.86 1416.68 1411.17 1406.22 1401.88 1398.15 1395.04 1392.53 1390.64 1389.35 1388.67 1388.6 1389.13 1390.28 1392.03 1394.4 1397.34 1400.93 1405.13 1409.95 1415.39 1421.45 1428.14 1435.46 1443.41 1452.0 1461.23 1471.11 1481.64 1492.82
33 1621.71 1607.89 1594.6 1581.97 1570.0 1558.69 1548.02 1538.0 1528.62 1519.87 1511.76 1504.27 1497.41 1491.17 1485.6 1480.58 1476.19 1472.4 1469.22 1466.66 1464.7 1463.35 1462.6 1462.47 1462.94 1464.02 1465.71 1468.01 1470.89 1474.41 1478.55 1483.3 1488.68 1494.67 1501.3 1508.55 1516.44 1524.97 1534.14 1543.95 1554.42 1565.55
33 1601.65 1587.86 1574.59 1561.98 1550.02 1538.71 1528.05 1518.03 1508.65 1499.9 1491.79 1484.29 1477.43 1471.18 1465.61 1460.59 1456.19 1452.39 1449.22 1446.65 1444.69 1443.34 1442.6 1442.46 1442.94 1444.02 1445.72 1448.03 1450.91 1454.44 1458.58 1463.35 1468.73 1474.73 1481.37 1488.63 1496.52 1505.05 1514.23 1524.04 1534.51 1545.63
34 1678.19 1664.31 1650.94 1638.25 1626.21 1614.82 1604.09 1593.99 1584.54 1575.72 1567.54 1559.98 1553.05 1546.73 1541.1 1536.02 1531.55 1527.7 1524.46 1521.82 1519.8 1518.39 1517.58 1517.39 1517.8 1518.82 1520.45 1522.69 1525.51 1528.98 1533.05 1537.75 1543.06 1549.0 1555.56 1562.75 1570.58 1579.04 1588.15 1597.9 1608.3 1619.35
34 1658.07 1644.21 1630.87 1618.18 1606.15 1594.77 1584.04 1573.95 1564.5 1555.68 1547.49 1539.93 1532.99 1526.67 1521.03 1515.94 1511.47 1507.61 1504.37 1501.73 1499.71 1498.3 1497.49 1497.29 1497.71 1498.73 1500.36 1502.61 1505.44 1508.9 1512.99 1517.69 1523.01 1528.95 1535.52 1542.72 1550.56 1559.02 1568.13 1577.88 1588.28 1599.34
35 1735.73 1721.77 1708.33 1695.56 1683.45 1671.99 1661.18 1651.01 1641.48 1632.59 1624.33 1616.7 1609.7 1603.32 1597.61 1592.46 1587.92 1584.0 1580.69 1577.99 1575.9 1574.43 1573.55 1573.29 1573.64 1574.6 1576.16 1578.34 1581.1 1584.5 1588.51 1593.15 1598.4 1604.28 1610.78 1617.91 1625.68 1634.08 1643.13 1652.82 1663.16 1674.15
35 1715.48 1701.55 1688.14 1675.38 1663.28 1651.83 1641.03 1630.86 1621.34 1612.45 1604.19 1596.56 1589.55 1583.17 1577.46 1572.3 1567.76 1563.84 1560.52 1557.82 1555.73 1554.25 1553.38 1553.12 1553.46 1554.42 1555.99 1558.17 1560.94 1564.34 1568.36 1573.0 1578.26 1584.14 1590.65 1597.79 1605.56 1613.97 1623.02 1632.71 1643.05 1654.04
36 1794.3 1780.27 1766.75 1753.9 1741.71 1730.18 1719.29 1709.05 1699.46 1690.49 1682.16 1674.46 1667.39 1660.93 1655.16 1649.94 1645.33 1641.34 1637.96 1635.2 1633.04 1631.49 1630.55 1630.22 1630.5 1631.39 1632.89 1635.0 1637.69 1641.03 1644.97 1649.54 1654.73 1660.54 1666.98 1674.04 1681.74 1690.08 1699.06 1708.69 1718.97 1729.9
36 1773.94 1759.94 1746.45 1733.63 1721.46 1709.94 1699.06 1688.83 1679.23 1670.27 1661.93 1654.23 1647.15 1640.69 1634.9 1629.68 1625.07 1621.07 1617.69 1614.92 1612.76 1611.21 1610.27 1609.94 1610.22 1611.12 1612.62 1614.74 1617.44 1620.78 1624.74 1629.31 1634.51 1640.33 1646.77 1653.85 1661.56 1669.9 1678.88 1688.5 1698.77 1709.7
37 1853.99 1839.87 1826.27 1813.34 1801.07 1789.46 1778.49 1768.17 1758.5 1749.46 1741.05 1733.27 1726.12 1719.6 1713.75 1708.45 1703.78 1699.71 1696.26 1693.42 1691.2 1689.58 1688.57 1688.17 1688.38 1689.2 1690.63 1692.68 1695.3 1698.57 1702.45 1706.95 1712.08 1717.82 1724.2 1731.2 1738.84 1747.11 1756.03 1765.6 1775.81 1786.69
37 1833.52 1819.43 1805.87 1792.96 1780.71 1769.11 1758.15 1747.84 1738.17 1729.13 1720.72 1712.94 1705.78 1699.25 1693.4 1688.1 1683.42 1679.35 1675.89 1673.05 1670.82 1669.2 1668.2 1667.8 1668.01 1668.84 1670.27 1672.32 1674.96 1678.23 1682.12 1686.63 1691.76 1697.51 1703.89 1710.9 1718.54 1726.82 1735.73 1745.29 1755.5 1766.36
38 1914.75 1900.55 1886.88 1873.87 1861.52 1849.83 1838.78 1828.38 1818.62 1809.5 1801.02 1793.16 1785.93 1779.33 1773.4 1768.03 1763.28 1759.14 1755.62 1752.7 1750.4 1748.71 1747.63 1747.16 1747.31 1748.06 1749.42 1751.4 1753.96 1757.16 1760.97 1765.41 1770.46 1776.14 1782.44 1789.38 1796.95 1805.15 1814.0 1823.49 1833.63 1844.42
38 1894.24 1880.07 1866.41 1853.41 1841.07 1829.38 1818.34 1807.95 1798.19 1789.07 1780.58 1772.73 1765.5 1758.89 1752.96 1747.59 1742.83 1738.69 1735.17 1732.25 1729.95 1728.26 1727.18 1726.72 1726.86 1727.61 1728.98 1730.96 1733.53 1736.73 1740.55 1744.99 1750.05 1755.73 1762.04 1768.98 1776.55 1784.75 1793.6 1803.09 1813.22 1824.01
39 1976.65 1962.36 1948.6 1935.5 1923.07 1911.29 1900.16 1889.68 1879.85 1870.65 1862.08 1854.15 1846.84 1840.16 1834.16 1828.71 1823.88 1819.67 1816.07 1813.08 1810.71 1808.94 1807.79 1807.25 1807.31 1807.99 1809.28 1811.18 1813.67 1816.8 1820.54 1824.9 1829.88 1835.49 1841.73 1848.6 1856.1 1864.24 1873.02 1882.45 1892.53 1903.26
39 1956.01 1941.76 1928.02 1914.94 1902.52 1890.75 1879.63 1869.16 1859.32 1850.12 1841.56 1833.62 1826.31 1819.62 1813.62 1808.17 1803.33 1799.12 1795.52 1792.53 1790.15 1788.39 1787.24 1786.7 1786.77 1787.45 1788.75 1790.66 1793.15 1796.28 1800.03 1804.4 1809.39 1815.0 1821.24 1828.11 1835.61 1843.74 1852.51 1861.93 1871.99 1882.7
40 2039.63 2025.27 2011.43 1998.26 1985.75 1973.89 1962.68 1952.12 1942.21 1932.92 1924.28 1916.26 1908.87 1902.11 1896.03 1890.5 1885.59 1881.3 1877.62 1874.56 1872.1 1870.26 1869.03 1868.41 1868.41 1869.01 1870.23 1872.06 1874.47 1877.53 1881.2 1885.49 1890.4 1895.94 1902.1 1908.9 1916.33 1924.39 1933.1 1942.45 1952.45 1963.11
40 2018.89 2004.56 1990.74 1977.59 1965.09 1953.24 1942.04 1931.49 1921.57 1912.29 1903.64 1895.63 1888.24 1881.47 1875.39 1869.86 1864.95 1860.65 1856.97 1853.91 1851.45 1849.61 1848.39 1847.77 1847.77 1848.37 1849.6 1851.43 1853.85 1856.91 1860.59 1864.88 1869.8 1875.34 1881.51 1888.3 1895.73 1903.8 1912.5 1921.84 1931.83 1942.47
41 2103.82 2089.38 2075.45 2062.2 2049.6 2037.66 2026.37 2015.72 2005.72 1996.35 1987.62 1979.52 1972.05 1965.2 1959.04 1953.43 1948.44 1944.06 1940.3 1937.16 1934.63 1932.71 1931.4 1930.7 1930.62 1931.14 1932.28 1934.04 1936.38 1939.36 1942.95 1947.17 1952.01 1957.47 1963.56 1970.28 1977.64 1985.63 1994.26 2003.54 2013.46 2024.05
41 2082.92 2068.53 2054.64 2041.42 2028.84 2016.92 2005.64 1995.0 1985.0 1975.63 1966.9 1958.8 1951.32 1944.47 1938.3 1932.68 1927.69 1923.31 1919.55 1916.4 1913.87 1911.95 1910.64 1909.95 1909.87 1910.4 1911.55 1913.31 1915.66 1918.65 1922.25 1926.48 1931.33 1936.79 1942.89 1949.61 1956.96 1964.95 1973.57 1982.83 1992.73 2003.28
42 2169.24 2154.71 2140.71 2127.36 2114.68 2102.65 2091.27 2080.53 2070.44 2060.98 2052.16 2043.97 2036.41 2029.48 2023.23 2017.53 2012.45 2007.99 2004.15 2000.92 1998.3 1996.3 1994.91 1994.14 1993.97 1994.42 1995.49 1997.16 1999.43 2002.33 2005.86 2010.0 2014.77 2020.16 2026.17 2032.82 2040.1 2048.02 2056.57 2065.78 2075.63 2086.13
42 2148.25 2133.77 2119.79 2106.47 2093.8 2081.79 2070.41 2059.69 2049.6 2040.14 2031.32 2023.13 2015.57 2008.63 2002.38 1996.68 1991.6 1987.14 1983.29 1980.06 1977.44 1975.44 1974.05 1973.28 1973.12 1973.57 1974.64 1976.32 1978.6 1981.51 1985.03 1989.18 1993.95 1999.35 2005.37 2012.01 2019.29 2027.2 2035.75 2044.94 2054.78 2065.26
43 2235.94 2221.31 2207.19 2193.75 2180.96 2168.83 2157.35 2146.52 2136.34 2126.79 2117.88 2109.6 2101.95 2094.93 2088.59 2082.81 2077.64 2073.1 2069.17 2065.86 2063.16 2061.08 2059.6 2058.75 2058.5 2058.87 2059.85 2061.45 2063.63 2066.46 2069.9 2073.96 2078.65 2083.96 2089.9 2096.46 2103.67 2111.51 2119.99 2129.11 2138.88 2149.31
43 2214.84 2200.25 2186.16 2172.74 2159.98 2147.86 2136.4 2125.58 2115.39 2105.85 2096.94 2088.66 2081.01 2073.98 2067.64 2061.86 2056.69 2052.14 2048.21 2044.9 2042.2 2040.12 2038.65 2037.8 2037.56 2037.93 2038.92 2040.52 2042.71 2045.54 2048.99 2053.06 2057.75 2063.06 2069.0 2075.57 2082.77 2090.6 2099.07 2108.18 2117.93 2128.32
44 2303.76 2289.06 2274.87 2261.34 2248.47 2236.26 2224.69 2213.77 2203.5 2193.86 2184.85 2176.48 2168.74 2161.62 2155.19 2149.32 2144.07 2139.43 2135.41 2132.01 2129.22 2127.05 2125.49 2124.55 2124.22 2124.51 2125.41 2126.93 2129.03 2131.78 2135.14 2139.12 2143.73 2148.96 2154.82 2161.31 2168.43 2176.19 2184.58 2193.62 2203.31 2213.64
44 2282.53 2267.87 2253.71 2240.21 2227.36 2215.16 2203.61 2192.7 2182.43 2172.79 2163.79 2155.42 2147.67 2140.56 2134.13 2128.25 2122.99 2118.35 2114.34 2110.93 2108.15 2105.98 2104.42 2103.48 2103.16 2103.45 2104.35 2105.87 2107.98 2110.73 2114.1 2118.09 2122.7 2127.93 2133.79 2140.27 2147.39 2155.13 2163.51 2172.53 2182.19 2192.5
45 2372.87 2358.09 2343.82 2330.21 2317.25 2304.95 2293.29 2282.28 2271.91 2262.18 2253.08 2244.61 2236.77 2229.56 2223.04 2217.07 2211.72 2206.99 2202.88 2199.39 2196.51 2194.25 2192.61 2191.58 2191.16 2191.36 2192.18 2193.61 2195.64 2198.3 2201.58 2205.48 2210.01 2215.16 2220.93 2227.34 2234.37 2242.04 2250.35 2259.29 2268.88 2279.12
45 2351.51 2336.77 2322.54 2308.96 2296.02 2283.74 2272.09 2261.09 2250.73 2241.0 2231.9 2223.43 2215.59 2208.38 2201.86 2195.88 2190.53 2185.8 2181.69 2178.2 2175.32 2173.06 2171.42 2170.39 2169.98 2170.19 2171.01 2172.45 2174.48 2177.15 2180.44 2184.34 2188.87 2194.02 2199.8 2206.2 2213.23 2220.88 2229.18 2238.1 2247.66 2257.87
46 2443.43 2428.53 2414.15 2400.42 2387.36 2374.95 2363.19 2352.07 2341.6 2331.77 2322.57 2314.01 2306.07 2298.77 2292.15 2286.09 2280.65 2275.83 2271.62 2268.04 2265.07 2262.72 2260.98 2259.86 2259.36 2259.47 2260.19 2261.53 2263.47 2266.04 2269.23 2273.05 2277.48 2282.55 2288.24 2294.56 2301.51 2309.1 2317.33 2326.2 2335.71 2345.88
46 2421.97 2407.12 2392.77 2379.08 2366.04 2353.64 2341.9 2330.79 2320.33 2310.5 2301.3 2292.73 2284.8 2277.49 2270.87 2264.81 2259.36 2254.54 2250.33 2246.75 2243.78 2241.43 2239.7 2238.58 2238.08 2238.2 2238.93 2240.28 2242.22 2244.8 2248.0 2251.82 2256.26 2261.33 2267.02 2273.33 2280.28 2287.86 2296.07 2304.91 2314.4 2324.52
47 2515.29 2500.29 2485.8 2471.97 2458.8 2446.28 2434.41 2423.2 2412.62 2402.69 2393.39 2384.72 2376.69 2369.28 2362.57 2356.41 2350.87 2345.95 2341.66 2337.98 2334.91 2332.47 2330.64 2329.43 2328.83 2328.85 2329.48 2330.73 2332.58 2335.06 2338.16 2341.89 2346.23 2351.21 2356.81 2363.04 2369.9 2377.4 2385.54 2394.31 2403.74 2413.81
47 2493.72 2478.76 2464.31 2450.51 2437.36 2424.86 2413.01 2401.8 2391.23 2381.3 2372.0 2363.33 2355.3 2347.89 2341.17 2335.01 2329.47 2324.55 2320.25 2316.58 2313.51 2311.07 2309.25 2308.04 2307.45 2307.47 2308.11 2309.37 2311.23 2313.72 2316.82 2320.55 2324.9 2329.87 2335.47 2341.69 2348.55 2356.03 2364.14 2372.89 2382.27 2392.3
48 2588.44 2573.35 2558.76 2544.84 2531.57 2518.96 2507.0 2495.68 2485.0 2474.97 2465.57 2456.8 2448.66 2441.15 2434.34 2428.08 2422.43 2417.41 2413.02 2409.23 2406.07 2403.53 2401.6 2400.29 2399.59 2399.51 2400.05 2401.21 2402.96 2405.35 2408.36 2412.0 2416.26 2421.14 2426.65 2432.79 2439.57 2446.98 2455.02 2463.71 2473.05 2483.03
48 2566.71 2551.67 2537.14 2523.25 2510.01 2497.42 2485.47 2474.16 2463.49 2453.45 2444.05 2435.29 2427.15 2419.63 2412.82 2406.55 2400.91 2395.89 2391.49 2387.71 2384.55 2382.01 2380.09 2378.78 2378.1 2378.03 2378.58 2379.74 2381.51 2383.91 2386.93 2390.57 2394.83 2399.71 2405.22 2411.35 2418.11 2425.5 2433.52 2442.17 2451.46 2461.38
49 2663.01 2647.84 2633.16 2619.14 2605.78 2593.06 2581.0 2569.57 2558.79 2548.64 2539.13 2530.25 2522.01 2514.39 2507.47 2501.09 2495.35 2490.22 2485.72 2481.83 2478.57 2475.93 2473.9 2472.49 2471.7 2471.53 2471.98 2473.05 2474.71 2477.01 2479.93 2483.47 2487.63 2492.42 2497.84 2503.88 2510.55 2517.86 2525.8 2534.37 2543.59 2553.44
49 2641.17 2626.03 2611.39 2597.4 2584.06 2571.36 2559.31 2547.9 2537.12 2526.98 2517.48 2508.6 2500.36 2492.74 2485.82 2479.45 2473.71 2468.58 2464.08 2460.2 2456.94 2454.3 2452.28 2450.87 2450.09 2449.92 2450.38 2451.45 2453.12 2455.42 2458.35 2461.89 2466.06 2470.85 2476.26 2482.3 2488.96 2496.26 2504.18 2512.74 2521.92 2531.75
50 2739.09 2723.8 2709.01 2694.87 2681.4 2668.57 2656.39 2644.85 2633.96 2623.7 2614.08 2605.09 2596.74 2589.01 2581.98 2575.51 2569.65 2564.42 2559.82 2555.83 2552.46 2549.71 2547.59 2546.08 2545.19 2544.92 2545.26 2546.23 2547.8 2550.0 2552.82 2556.26 2560.33 2565.02 2570.34 2576.28 2582.86 2590.06 2597.9 2606.38 2615.5 2625.26
50 2717.2 2701.94 2687.17 2673.06 2659.6 2646.78 2634.61 2623.08 2612.19 2601.93 2592.31 2583.33 2574.97 2567.25 2560.22 2553.74 2547.89 2542.66 2538.05 2534.07 2530.7 2527.96 2525.84 2524.33 2523.45 2523.18 2523.53 2524.51 2526.08 2528.28 2531.11 2534.55 2538.62 2543.31 2548.62 2554.56 2561.12 2568.31 2576.13 2584.57 2593.65 2603.36
51 2816.59 2801.19 2786.29 2772.05 2758.46 2745.52 2733.23 2721.58 2710.57 2700.2 2690.47 2681.37 2672.9 2665.06 2657.93 2651.34 2645.37 2640.04 2635.32 2631.22 2627.75 2624.9 2622.66 2621.05 2620.05 2619.67 2619.91 2620.77 2622.24 2624.33 2627.05 2630.39 2634.35 2638.93 2644.14 2649.98 2656.45 2663.55 2671.28 2679.65 2688.65 2698.29
51 2794.56 2779.2 2764.32 2750.1 2736.52 2723.59 2711.31 2699.67 2688.67 2678.3 2668.57 2659.48 2651.01 2643.18 2636.04 2629.46 2623.5 2618.16 2613.45 2609.36 2605.89 2603.04 2600.81 2599.21 2598.22 2597.85 2598.09 2598.96 2600.43 2602.53 2605.25 2608.58 2612.54 2617.12 2622.32 2628.14 2634.59 2641.66 2649.36 2657.68 2666.64 2676.22
52 2895.49 2880.02 2865.03 2850.7 2837.02 2823.97 2811.58 2799.82 2788.7 2778.21 2768.37 2759.15 2750.56 2742.61 2735.36 2728.65 2722.57 2717.11 2712.28 2708.08 2704.49 2701.53 2699.18 2697.46 2696.36 2695.88 2696.02 2696.78 2698.15 2700.14 2702.76 2706.0 2709.86 2714.35 2719.45 2725.19 2731.55 2738.54 2746.15 2754.4 2763.27 2772.78
52 2873.34 2857.89 2842.92 2828.61 2814.94 2801.91 2789.52 2777.77 2766.66 2756.18 2746.34 2737.12 2728.54 2720.59 2713.34 2706.64 2700.56 2695.11 2690.28 2686.08 2682.49 2679.53 2677.19 2675.48 2674.38 2673.9 2674.04 2674.8 2676.17 2678.16 2680.78 2684.02 2687.87 2692.35 2697.45 2703.17 2709.52 2716.48 2724.08 2732.3 2741.14 2750.61
53 2976.04 2960.44 2945.34 2930.89 2917.08 2903.93 2891.41 2879.53 2868.3 2857.7 2847.73 2838.4 2829.7 2821.63 2814.26 2807.43 2801.24 2795.67 2790.72 2786.4 2782.7 2779.62 2777.16 2775.32 2774.11 2773.51 2773.54 2774.19 2775.44 2777.32 2779.83 2782.95 2786.7 2791.08 2796.07 2801.7 2807.95 2814.83 2822.34 2830.48 2839.25 2848.66
53 2953.7 2938.15 2923.08 2908.66 2894.88 2881.74 2869.24 2857.37 2846.14 2835.55 2825.59 2816.26 2807.56 2799.49 2792.12 2785.3 2779.1 2773.54 2768.59 2764.27 2760.58 2757.5 2755.05 2753.22 2752.01 2751.43 2751.46 2752.11 2753.37 2755.26 2757.77 2760.9 2764.65 2769.02 2774.01 2779.62 2785.86 2792.71 2800.19 2808.3 2817.02 2826.38
54 3058.16 3042.46 3027.25 3012.69 2998.76 2985.49 2972.85 2960.85 2949.49 2938.77 2928.68 2919.22 2910.39 2902.2 2894.71 2887.76 2881.44 2875.75 2870.68 2866.24 2862.42 2859.22 2856.65 2854.7 2853.37 2852.67 2852.58 2853.12 2854.26 2856.04 2858.43 2861.45 2865.1 2869.36 2874.25 2879.77 2885.91 2892.68 2900.07 2908.1 2916.75 2926.04
54 3035.69 3020.01 3004.81 2990.26 2976.35 2963.09 2950.47 2938.48 2927.13 2916.42 2906.34 2896.89 2888.08 2879.89 2872.41 2865.47 2859.16 2853.48 2848.42 2843.98 2840.17 2836.98 2834.41 2832.46 2831.13 2830.43 2830.34 2830.88 2832.02 2833.79 2836.18 2839.19 2842.83 2847.08 2851.96 2857.46 2863.59 2870.34 2877.71 2885.71 2894.34 2903.6
55 3141.84 3126.04 3110.72 3096.04 3082.0 3068.61 3055.85 3043.73 3032.24 3021.39 3011.18 3001.59 2992.64 2984.32 2976.7 2969.63 2963.19 2957.37 2952.18 2947.62 2943.68 2940.36 2937.67 2935.6 2934.15 2933.33 2933.13 2933.55 2934.58 2936.24 2938.52 2941.42 2944.95 2949.09 2953.86 2959.25 2965.27 2971.91 2979.17 2987.06 2995.57 3004.7
55 3119.21 3103.42 3088.11 3073.45 3059.43 3046.04 3033.3 3021.2 3009.73 2998.89 2988.69 2979.12 2970.19 2961.88 2954.27 2947.21 2940.78 2934.98 2929.79 2925.24 2921.3 2917.99 2915.3 2913.24 2911.79 2910.97 2910.77 2911.19 2912.21 2913.86 2916.14 2919.03 2922.55 2926.69 2931.44 2936.82 2942.83 2949.45 2956.7 2964.57 2973.07 2982.19
56 3227.17 3211.26 3195.82 3181.02 3166.87 3153.35 3140.46 3128.22 3116.61 3105.63 3095.29 3085.57 3076.49 3068.04 3060.3 3053.1 3046.53 3040.59 3035.27 3030.58 3026.52 3023.08 3020.26 3018.07 3016.5 3015.56 3015.23 3015.53 3016.44 3017.98 3020.13 3022.91 3026.31 3030.33 3034.97 3040.23 3046.11 3052.62 3059.74 3067.48 3075.84 3084.83
56 3204.37 3188.47 3173.05 3158.27 3144.13 3130.63 3117.77 3105.54 3093.94 3082.98 3072.66 3062.96 3053.89 3045.46 3037.73 3030.54 3023.98 3018.05 3012.74 3008.06 3004.0 3000.57 2997.75 2995.56 2994.0 2993.05 2992.73 2993.02 2993.93 2995.46 2997.61 3000.38 3003.77 3007.78 3012.41 3017.66 3023.53 3030.02 3037.12 3044.85 3053.2 3062.17
57 3314.17 3298.13 3282.57 3267.65 3253.37 3239.73 3226.72 3214.35 3202.61 3191.5 3181.03 3171.19 3161.98 3153.4 3145.52 3138.2 3131.5 3125.42 3119.98 3115.16 3110.96 3107.4 3104.45 3102.13 3100.43 3099.36 3098.91 3099.08 3099.87 3101.28 3103.31 3105.96 3109.23 3113.13 3117.64 3122.78 3128.54 3134.91 3141.91 3149.53 3157.76 3166.62
57 3291.3 3275.28 3259.73 3244.83 3230.56 3216.92 3203.93 3191.57 3179.84 3168.75 3158.29 3148.46 3139.26 3130.7 3122.83 3115.52 3108.83 3102.76 3097.33 3092.52 3088.33 3084.77 3081.83 3079.51 3077.82 3076.74 3076.29 3076.46 3077.24 3078.65 3080.67 3083.32 3086.58 3090.47 3094.97 3100.09 3105.83 3112.19 3119.16 3126.75 3134.97 3143.8
58 3403.15 3386.97 3371.27 3356.2 3341.78 3327.98 3314.83 3302.3 3290.42 3279.16 3268.54 3258.55 3249.2 3240.47 3232.46 3224.99 3218.14 3211.93 3206.35 3201.39 3197.06 3193.36 3190.28 3187.83 3186.01 3184.81 3184.24 3184.29 3184.95 3186.24 3188.15 3190.69 3193.85 3197.63 3202.04 3207.06 3212.71 3218.98 3225.87 3233.38 3241.51 3250.26
58 3379.83 3363.71 3348.05 3333.03 3318.64 3304.89 3291.77 3279.28 3267.43 3256.2 3245.61 3235.64 3226.31 3217.61 3209.61 3202.15 3195.33 3189.13 3183.56 3178.61 3174.29 3170.59 3167.52 3165.07 3163.25 3162.05 3161.47 3161.51 3162.16 3163.44 3165.34 3167.86 3170.99 3174.75 3179.12 3184.11 3189.72 3195.94 3202.78 3210.24 3218.31 3226.99
59 3493.64 3477.35 3461.53 3446.33 3431.78 3417.85 3404.56 3391.9 3379.88 3368.48 3357.72 3347.6 3338.1 3329.23 3321.08 3313.47 3306.49 3300.14 3294.42 3289.33 3284.86 3281.02 3277.81 3275.23 3273.27 3271.94 3271.23 3271.15 3271.68 3272.83 3274.61 3277.01 3280.02 3283.66 3287.92 3292.79 3298.29 3304.39 3311.12 3318.46 3326.41 3334.98
59 3470.52 3454.21 3438.37 3423.17 3408.62 3394.7 3381.42 3368.78 3356.77 3345.4 3334.66 3324.55 3315.08 3306.23 3298.1 3290.51 3283.55 3277.21 3271.5 3266.42 3261.96 3258.13 3254.92 3252.34 3250.38 3249.04 3248.32 3248.23 3248.75 3249.89 3251.65 3254.04 3257.04 3260.66 3264.91 3269.77 3275.26 3281.36 3288.08 3295.43 3303.39 3311.97
60 3586.0 3569.6 3553.65 3538.33 3523.64 3509.58 3496.15 3483.35 3471.18 3459.64 3448.73 3438.45 3428.81 3419.79 3411.49 3403.73 3396.6 3390.1 3384.23 3379.0 3374.39 3370.41 3367.05 3364.33 3362.23 3360.76 3359.92 3359.7 3360.1 3361.12 3362.77 3365.04 3367.92 3371.43 3375.56 3380.3 3385.66 3391.63 3398.22 3405.42 3413.23 3421.64
60 3562.52 3546.12 3530.19 3514.88 3500.21 3486.17 3472.77 3460.0 3447.86 3436.35 3425.47 3415.22 3405.6 3396.62 3388.34 3380.6 3373.5 3367.02 3361.16 3355.94 3351.34 3347.37 3344.02 3341.29 3339.2 3337.72 3336.87 3336.64 3337.02 3338.02 3339.65 3341.89 3344.76 3348.24 3352.34 3357.05 3362.39 3368.33 3374.89 3382.07 3389.86 3398.26
61 3680.34 3663.77 3647.65 3632.17 3617.32 3603.11 3589.52 3576.57 3564.25 3552.57 3541.51 3531.09 3521.3 3512.14 3503.69 3495.79 3488.51 3481.87 3475.85 3470.47 3465.72 3461.59 3458.09 3455.22 3452.97 3451.35 3450.36 3449.99 3450.24 3451.11 3452.61 3454.72 3457.46 3460.82 3464.79 3469.38 3474.59 3480.42 3486.86 3493.91 3501.57 3509.85
61 3656.8 3640.22 3624.11 3608.64 3593.8 3579.6 3566.03 3553.1 3540.81 3529.15 3518.12 3507.72 3497.95 3488.82 3480.4 3472.51 3465.26 3458.63 3452.64 3447.26 3442.52 3438.4 3434.91 3432.04 3429.79 3428.17 3427.17 3426.8 3427.04 3427.9 3429.38 3431.49 3434.21 3437.56 3441.53 3446.11 3451.32 3457.14 3463.58 3470.64 3478.32 3486.62
62 3776.53 3759.82 3743.56 3727.94 3712.94 3698.57 3684.83 3671.72 3659.25 3647.4 3636.19 3625.61 3615.66 3606.34 3597.74 3589.68 3582.25 3575.46 3569.29 3563.75 3558.84 3554.57 3550.92 3547.9 3545.5 3543.74 3542.6 3542.08 3542.19 3542.91 3544.26 3546.22 3548.81 3552.01 3555.83 3560.26 3565.31 3570.97 3577.24 3584.12 3591.6 3599.69
62 3752.73 3736.01 3719.75 3704.13 3689.14 3674.79 3661.08 3648.0 3635.56 3623.75 3612.57 3602.03 3592.11 3582.83 3574.26 3566.23 3558.82 3552.05 3545.9 3540.38 3535.49 3531.22 3527.57 3524.56 3522.16 3520.39 3519.24 3518.72 3518.81 3519.52 3520.85 3522.81 3525.38 3528.58 3532.39 3536.83 3541.88 3547.55 3553.84 3560.75 3568.28 3576.42
63 3874.48 3857.67 3841.29 3825.54 3810.4 3795.89 3782.01 3768.75 3756.13 3744.12 3732.75 3722.01 3711.9 3702.42 3693.66 3685.44 3677.85 3670.89 3664.56 3658.87 3653.8 3649.37 3645.57 3642.4 3639.85 3637.93 3636.64 3635.98 3635.93 3636.51 3637.7 3639.52 3641.95 3644.99 3648.65 3652.92 3657.8 3663.29 3669.38 3676.06 3683.35 3691.23
63 3850.51 3833.68 3817.29 3801.54 3786.42 3771.93 3758.08 3744.85 3732.25 3720.29 3708.96 3698.25 3688.18 3678.74 3670.01 3661.82 3654.26 3647.33 3641.03 3635.35 3630.31 3625.89 3622.09 3618.92 3616.38 3614.45 3613.16 3612.48 3612.42 3612.98 3614.16 3615.95 3618.37 3621.39 3625.04 3629.3 3634.17 3639.65 3645.74 3652.43 3659.74 3667.65
64 3974.47 3957.51 3940.99 3925.09 3909.8 3895.15 3881.11 3867.7 3854.92 3842.77 3831.24 3820.34 3810.07 3800.44 3791.52 3783.14 3775.38 3768.26 3761.78 3755.92 3750.69 3746.09 3742.13 3738.79 3736.08 3734.0 3732.55 3731.73 3731.52 3731.94 3732.98 3734.64 3736.92 3739.82 3743.33 3747.46 3752.2 3757.55 3763.51 3770.07 3777.24 3785.01
64 3950.14 3933.14 3916.61 3900.71 3885.44 3870.81 3856.82 3843.45 3830.72 3818.62 3807.15 3796.31 3786.1 3776.52 3767.65 3759.32 3751.61 3744.52 3738.07 3732.24 3727.03 3722.45 3718.49 3715.15 3712.44 3710.35 3708.88 3708.04 3707.81 3708.21 3709.22 3710.86 3713.12 3716.0 3719.5 3723.63 3728.38 3733.75 3739.74 3746.36 3753.6 3761.46
65 4077.14 4059.95 4043.2 4027.07 4011.57 3996.7 3982.46 3968.85 3955.87 3943.52 3931.8 3920.72 3910.27 3900.45 3891.35 3882.8 3874.87 3867.58 3860.93 3854.9 3849.51 3844.75 3840.62 3837.12 3834.25 3832.01 3830.39 3829.4 3829.04 3829.28 3830.15 3831.64 3833.75 3836.47 3839.8 3843.74 3848.29 3853.44 3859.2 3865.56 3872.51 3880.06
65 4052.9 4035.6 4018.78 4002.6 3987.08 3972.2 3957.97 3944.39 3931.44 3919.14 3907.47 3896.45 3886.05 3876.29 3867.26 3858.76 3850.88 3843.64 3837.02 3831.03 3825.67 3820.93 3816.81 3813.32 3810.44 3808.19 3806.56 3805.55 3805.16 3805.39 3806.23 3807.69 3809.77 3812.47 3815.79 3819.72 3824.28 3829.46 3835.25 3841.66 3848.7 3856.36
66 4181.22 4163.91 4147.03 4130.77 4115.12 4100.1 4085.7 4071.93 4058.78 4046.26 4034.37 4023.11 4012.49 4002.49 3993.22 3984.49 3976.39 3968.92 3962.09 3955.89 3950.33 3945.39 3941.09 3937.42 3934.38 3931.97 3930.18 3929.02 3928.48 3928.56 3929.25 3930.57 3932.49 3935.03 3938.17 3941.92 3946.28 3951.23 3956.77 3962.91 3969.63 3976.94
66 4156.82 4139.42 4122.48 4106.17 4090.51 4075.48 4061.1 4047.34 4034.23 4021.75 4009.9 3998.69 3988.11 3978.17 3968.94 3960.26 3952.2 3944.77 3937.97 3931.79 3926.25 3921.33 3917.04 3913.37 3910.33 3907.9 3906.11 3904.93 3904.38 3904.44 3905.12 3906.41 3908.33 3910.86 3914.0 3917.77 3922.14 3927.13 3932.73 3938.94 3945.77 3953.2