By-hand ord posns at x=500,1250,2000,2750,3750 for iord=0,66, ifib=0,1, 30 Mar 2017 labcam-fl09-20170312-0002-w00.fits
nfib 2 0 1
iord  500    1250    2000    2750   3750
  0   139     82       63     77     153
  0   121     65       45     59     135
 10   492    434      412    424     498
 10   474    415      393    406     479
 20   901    839      814    824     893
 20   882    820      795    805     874
 30  1385   1319     1289   1296    1360
 30  1365   1299     1269   1276    1340
 40  1962   1891     1856   1857    1915
 40  1941   1870     1835   1836    1894
 50  2657   2578     2536   2530    2579
 50  2634   2555     2514   2508    2557
 60  3495   3409     3357   3342    3379
 60  3473   3385     3333   3319    3355
 66  4078   3992     3933   3910    3935
 66  4054   3967     3908   3886    3912
