By-hand ord posns at x=500,1250,2000,2750,3750 for iord=0,66, ifib=0,1, 28 July 2017 bplnrs02-fl17-20170726-0005-w00.fits.fz
nfib 2 0 1
iord  500    1250    2000    2750   3750
  0   132     74       55    73     147
  0   114     57       37    54     129
 10   485    426      403   416     490
 10   466    404      383   399     471
 20   891    830      804   814     883
 20   872    810      784   794     864
 30  1373   1306     1276  1282    1347
 30  1352   1286     1257  1263    1327
 40  1948   1873     1837  1839    1899
 40  1926   1853     1816  1817    1878
 50  2638   2558     2515  2509    2559
 50  2616   2536     2493  2487    2537
 60  3475   3384     3331  3316    3353
 60  3451   3361     3308  3293    3330
 66  4061   3963     3903  3881    3909
 66  4036   3938     3879  3856    3883
