By-hand ord posns at x=500,1250,2000,2750,3750 for iord=0,66, ifib=0,1, 30 Oct 2017 lscnrs01-fl09-20171002-0003-w00.fits
nfib 2 0 1
iord  500    1250    2000    2750   3750
  0   142     82       67     82     157
  0   124     65       49     63     139
 10   496    438      416    428    502
 10   477    415      397    410    484
 20   905    844      819    829    898
 20   886    824      799    809    879
 30  1389   1323     1294   1300    1366
 30  1368   1303     1275   1281    1346
 40  1967   1896     1856   1863    1921
 40  1945   1875     1835   1841    1900
 50  2662   2583     2542   2536    2586
 50  2640   2561     2519   2514    2564
 60  3504   3415     3363   3349    3386
 60  3480   3391     3340   3325    3363
 66  4095   3998     3939   3918    3946
 66  4069   3973     3915   3893    3920
