Orders fit with Mirek Brandt's and Tim Brandt's echelle_orders.py for iord=0,66, ifib=0,1, 20. Fitted on 2018-8-2 on filetlvnrs04-fl18-20180801-0004-w00.fits.fz
nfib 2 0 1
iord 41.0 138.0 236.0 334.0 432.0 530.0 628.0 726.0 824.0 922.0 1020.0 1118.0 1216.0 1314.0 1411.0 1509.0 1607.0 1705.0 1803.0 1901.0 1999.0 2097.0 2195.0 2293.0 2391.0 2489.0 2587.0 2685.0 2782.0 2880.0 2978.0 3076.0 3174.0 3272.0 3370.0 3468.0 3566.0 3664.0 3762.0 3860.0 3958.0 4056.0
0 206.48 194.04 182.1 170.79 160.11 150.05 140.62 131.82 123.63 116.06 109.1 102.76 97.04 91.92 87.46 83.56 80.26 77.58 75.5 74.02 73.16 72.9 73.25 74.2 75.77 77.94 80.72 84.12 88.08 92.69 97.92 103.77 110.23 117.31 125.02 133.35 142.32 151.91 162.13 173.0 184.5 196.65
0 189.48 176.99 165.01 153.67 142.96 132.89 123.45 114.63 106.44 98.87 91.91 85.58 79.85 74.75 70.29 66.39 63.11 60.43 58.36 56.9 56.04 55.79 56.14 57.1 58.67 60.84 63.62 67.02 70.98 75.58 80.81 86.64 93.1 100.18 107.87 116.2 125.15 134.73 144.94 155.8 167.29 179.43
1 240.38 227.91 215.94 204.6 193.9 183.83 174.38 165.55 157.35 149.76 142.79 136.43 130.69 125.56 121.08 117.16 113.85 111.14 109.05 107.55 106.67 106.39 106.71 107.65 109.18 111.33 114.09 117.45 121.38 125.96 131.16 136.97 143.39 150.44 158.11 166.4 175.33 184.88 195.06 205.88 217.34 229.45
1 223.29 210.79 198.79 187.43 176.71 166.62 157.15 148.32 140.1 132.51 125.54 119.18 113.43 108.3 103.83 99.91 96.6 93.9 91.81 90.32 89.44 89.16 89.49 90.43 91.97 94.12 96.88 100.25 104.18 108.76 113.96 119.78 126.21 133.26 140.93 149.23 158.15 167.71 177.9 188.73 200.2 212.31
2 274.54 262.07 250.09 238.75 228.02 217.92 208.44 199.58 191.34 183.72 176.71 170.32 164.54 159.37 154.86 150.9 147.56 144.83 142.7 141.19 140.28 139.98 140.29 141.21 142.74 144.87 147.62 150.97 154.89 159.47 164.65 170.45 176.86 183.89 191.54 199.8 208.69 218.2 228.33 239.09 250.48 262.5
2 257.41 244.9 232.9 221.52 210.78 200.66 191.17 182.3 174.05 166.43 159.42 153.02 147.25 142.08 137.57 133.63 130.29 127.56 125.45 123.94 123.04 122.74 123.06 123.99 125.52 127.66 130.41 133.77 137.7 142.27 147.46 153.26 159.67 166.7 174.35 182.61 191.5 201.01 211.14 221.9 233.29 245.31
3 309.11 296.61 284.61 273.24 262.49 252.37 242.87 233.98 225.72 218.07 211.04 204.63 198.82 193.63 189.1 185.12 181.75 179.0 176.85 175.31 174.37 174.05 174.33 175.22 176.73 178.83 181.55 184.88 188.78 193.32 198.48 204.25 210.64 217.65 225.27 233.51 242.37 251.85 261.96 272.7 284.07 296.07
3 291.98 279.44 267.4 255.99 245.22 235.08 225.57 216.69 208.43 200.79 193.76 187.35 181.56 176.38 171.85 167.88 164.52 161.77 159.63 158.09 157.16 156.83 157.11 158.0 159.49 161.59 164.3 167.62 171.51 176.04 181.19 186.96 193.34 200.34 207.96 216.21 225.08 234.58 244.72 255.49 266.9 278.96
4 344.09 331.57 319.54 308.14 297.37 287.22 277.69 268.79 260.5 252.83 245.77 239.33 233.5 228.29 223.73 219.72 216.33 213.55 211.37 209.81 208.85 208.5 208.76 209.62 211.09 213.18 215.87 219.17 223.04 227.56 232.69 238.43 244.79 251.77 259.36 267.57 276.41 285.87 295.95 306.66 318.01 329.98
4 326.85 314.3 302.26 290.84 280.06 269.9 260.37 251.46 243.17 235.5 228.45 222.01 216.18 210.97 206.41 202.41 199.03 196.25 194.07 192.51 191.55 191.2 191.46 192.32 193.79 195.88 198.56 201.86 205.73 210.24 215.37 221.11 227.47 234.45 242.04 250.26 259.1 268.56 278.65 289.38 300.73 312.72
5 379.48 366.93 354.89 343.46 332.67 322.49 312.93 304.0 295.68 287.98 280.9 274.42 268.57 263.32 258.73 254.7 251.28 248.47 246.26 244.67 243.68 243.31 243.54 244.38 245.83 247.89 250.56 253.84 257.68 262.18 267.28 273.0 279.33 286.28 293.85 302.03 310.84 320.26 330.31 340.98 352.28 364.21
5 362.22 349.64 337.57 326.12 315.31 305.12 295.56 286.62 278.3 270.6 263.52 257.05 251.19 245.95 241.36 237.34 233.92 231.11 228.91 227.32 226.34 225.96 226.19 227.03 228.48 230.53 233.2 236.47 240.31 244.8 249.9 255.62 261.95 268.89 276.46 284.64 293.45 302.88 312.94 323.63 334.95 346.9
6 415.4 402.81 390.73 379.27 368.43 358.22 348.64 339.67 331.33 323.6 316.48 309.99 304.1 298.83 294.21 290.16 286.71 283.87 281.65 280.03 279.01 278.61 278.81 279.62 281.04 283.07 285.71 288.96 292.77 297.23 302.31 307.99 314.29 321.21 328.74 336.9 345.67 355.06 365.08 375.72 386.99 398.89
6 398.02 385.41 373.31 361.84 351.0 340.79 331.2 322.24 313.89 306.17 299.06 292.56 286.68 281.42 276.81 272.75 269.31 266.48 264.25 262.63 261.62 261.22 261.42 262.23 263.65 265.67 268.31 271.55 275.36 279.82 284.89 290.58 296.88 303.8 311.33 319.49 328.27 337.67 347.7 358.37 369.66 381.59
7 451.67 439.06 426.96 415.48 404.62 394.39 384.78 375.79 367.42 359.66 352.52 345.99 340.08 334.78 330.14 326.05 322.58 319.71 317.45 315.8 314.76 314.33 314.5 315.29 316.68 318.68 321.29 324.5 328.29 332.72 337.77 343.43 349.7 356.59 364.09 372.21 380.95 390.32 400.3 410.91 422.15 434.02
7 434.31 421.68 409.56 398.06 387.19 376.95 367.33 358.33 349.95 342.19 335.04 328.51 322.6 317.3 312.65 308.57 305.09 302.23 299.97 298.32 297.29 296.86 297.03 297.82 299.21 301.22 303.83 307.05 310.84 315.27 320.32 325.98 332.25 339.14 346.65 354.77 363.51 372.87 382.85 393.46 404.69 416.56
8 488.52 475.88 463.73 452.22 441.33 431.07 421.42 412.4 404.0 396.21 389.05 382.49 376.55 371.22 366.55 362.43 358.93 356.04 353.75 352.07 351.0 350.54 350.68 351.44 352.8 354.77 357.34 360.53 364.29 368.69 373.7 379.33 385.57 392.42 399.9 407.99 416.7 426.03 435.98 446.56 457.77 469.61
8 471.11 458.45 446.28 434.75 423.85 413.57 403.92 394.89 386.48 378.69 371.52 364.96 359.02 353.69 349.01 344.9 341.4 338.5 336.22 334.54 333.48 333.02 333.16 333.92 335.28 337.26 339.84 343.03 346.78 351.19 356.21 361.83 368.08 374.93 382.41 390.5 399.22 408.55 418.51 429.1 440.31 452.15
9 525.91 513.22 501.04 489.48 478.56 468.26 458.59 449.54 441.11 433.29 426.1 419.52 413.55 408.2 403.5 399.36 395.83 392.91 390.59 388.89 387.79 387.29 387.41 388.13 389.46 391.39 393.93 397.08 400.8 405.17 410.14 415.73 421.93 428.75 436.18 444.24 452.91 462.2 472.12 482.67 493.85 505.66
9 508.4 495.71 483.52 471.97 461.04 450.73 441.05 431.99 423.55 415.73 408.52 401.94 395.96 390.6 385.89 381.75 378.21 375.29 372.97 371.26 370.17 369.67 369.79 370.51 371.85 373.79 376.33 379.49 383.22 387.59 392.58 398.17 404.38 411.21 418.65 426.71 435.39 444.69 454.61 465.16 476.33 488.13
10 563.8 551.09 538.88 527.29 516.34 506.01 496.3 487.22 478.75 470.91 463.68 457.07 451.07 445.68 440.95 436.78 433.21 430.26 427.91 426.17 425.04 424.52 424.6 425.29 426.59 428.49 431.0 434.12 437.81 442.14 447.09 452.64 458.81 465.59 472.99 481.01 489.64 498.89 508.77 519.27 530.4 542.16
10 546.26 533.54 521.32 509.73 498.76 488.43 478.72 469.62 461.16 453.3 446.07 439.45 433.44 428.05 423.32 419.14 415.58 412.62 410.27 408.53 407.4 406.87 406.96 407.65 408.94 410.85 413.36 416.49 420.18 424.52 429.47 435.03 441.21 448.0 455.41 463.43 472.08 481.35 491.24 501.76 512.9 524.68
11 602.33 589.56 577.29 565.66 554.67 544.3 534.56 525.44 516.95 509.08 501.82 495.18 489.15 483.74 478.99 474.79 471.2 468.21 465.84 464.07 462.91 462.35 462.4 463.05 464.31 466.18 468.65 471.73 475.38 479.67 484.57 490.08 496.21 502.95 510.31 518.28 526.88 536.1 545.95 556.43 567.54 579.28
11 584.7 571.93 559.67 548.04 537.04 526.67 516.92 507.8 499.3 491.42 484.16 477.51 471.48 466.06 461.3 457.09 453.5 450.51 448.13 446.36 445.19 444.64 444.69 445.34 446.6 448.47 450.95 454.03 457.69 461.98 466.89 472.42 478.55 485.3 492.67 500.66 509.27 518.5 528.36 538.84 549.96 561.71
12 641.42 628.61 616.3 604.62 593.59 583.18 573.4 564.25 555.72 547.82 540.53 533.86 527.8 522.36 517.57 513.34 509.72 506.71 504.3 502.5 501.3 500.71 500.72 501.34 502.57 504.4 506.83 509.88 513.49 517.74 522.6 528.07 534.16 540.86 548.18 556.12 564.68 573.86 583.67 594.11 605.18 616.89
12 623.74 610.93 598.61 586.94 575.89 565.48 555.7 546.54 538.0 530.09 522.79 516.11 510.05 504.6 499.8 495.57 491.94 488.92 486.51 484.71 483.51 482.92 482.94 483.56 484.79 486.62 489.06 492.11 495.73 499.99 504.86 510.35 516.44 523.16 530.49 538.44 547.01 556.2 566.02 576.47 587.55 599.26
13 681.12 668.25 655.89 644.18 633.1 622.65 612.84 603.65 595.09 587.16 579.84 573.14 567.05 561.58 556.76 552.5 548.85 545.8 543.36 541.53 540.3 539.67 539.65 540.23 541.42 543.21 545.6 548.6 552.17 556.38 561.2 566.64 572.68 579.34 586.62 594.53 603.05 612.2 621.98 632.39 643.44 655.13
13 663.42 650.55 638.19 626.46 615.38 604.93 595.11 585.91 577.35 569.4 562.07 555.36 549.27 543.79 538.96 534.7 531.04 527.99 525.55 523.71 522.48 521.85 521.83 522.41 523.6 525.4 527.8 530.8 534.38 538.6 543.43 548.87 554.92 561.59 568.88 576.79 585.32 594.48 604.26 614.68 625.73 637.42
14 721.48 708.54 696.13 684.36 673.23 662.75 652.9 643.68 635.08 627.11 619.76 613.03 606.92 601.41 596.57 592.28 588.59 585.51 583.04 581.17 579.91 579.24 579.18 579.72 580.86 582.61 584.96 587.92 591.44 595.61 600.38 605.77 611.77 618.39 625.63 633.49 641.98 651.1 660.85 671.24 682.27 693.95
14 703.71 690.78 678.36 666.59 655.46 644.97 635.11 625.88 617.28 609.3 601.94 595.2 589.07 583.56 578.7 574.41 570.72 567.63 565.16 563.28 562.01 561.35 561.29 561.83 562.98 564.73 567.09 570.05 573.59 577.76 582.55 587.95 593.96 600.59 607.84 615.71 624.21 633.34 643.1 653.5 664.54 676.22
15 762.45 749.47 737.01 725.19 714.02 703.49 693.6 684.34 675.71 667.71 660.32 653.56 647.41 641.87 636.99 632.66 628.94 625.83 623.32 621.41 620.11 619.4 619.3 619.8 620.91 622.61 624.92 627.84 631.32 635.44 640.18 645.53 651.49 658.07 665.27 673.1 681.55 690.64 700.36 710.73 721.74 733.4
15 744.64 731.66 719.2 707.39 696.22 685.69 675.79 666.52 657.88 649.87 642.47 635.69 629.53 623.98 619.09 614.75 611.02 607.9 605.39 603.47 602.17 601.46 601.36 601.87 602.98 604.69 607.01 609.93 613.42 617.56 622.3 627.66 633.63 640.22 647.43 655.27 663.73 672.81 682.54 692.89 703.89 715.54
16 804.09 791.06 778.54 766.68 755.47 744.9 734.97 725.67 717.0 708.96 701.54 694.73 688.54 682.97 678.05 673.69 669.93 666.78 664.23 662.28 660.94 660.2 660.06 660.52 661.58 663.24 665.51 668.38 671.82 675.9 680.59 685.9 691.82 698.35 705.51 713.3 721.71 730.76 740.45 750.78 761.76 773.39
16 786.24 773.2 760.69 748.82 737.61 727.03 717.09 707.78 699.11 691.05 683.62 676.81 670.62 665.03 660.11 655.74 651.98 648.82 646.27 644.32 642.98 642.24 642.1 642.56 643.62 645.29 647.56 650.44 653.89 657.98 662.68 667.99 673.92 680.46 687.63 695.43 703.85 712.9 722.59 732.92 743.9 755.53
17 846.42 833.34 820.77 808.87 797.61 786.99 777.02 767.68 758.96 750.88 743.42 736.57 730.34 724.73 719.77 715.37 711.57 708.38 705.79 703.81 702.42 701.64 701.46 701.88 702.9 704.52 706.74 709.58 712.97 717.01 721.66 726.92 732.8 739.3 746.42 754.16 762.54 771.54 781.19 791.48 802.42 814.02
17 828.51 815.43 802.86 790.95 779.69 769.07 759.08 749.73 741.02 732.92 725.45 718.6 712.37 706.74 701.78 697.37 693.57 690.38 687.78 685.8 684.41 683.63 683.45 683.87 684.89 686.52 688.75 691.58 694.99 699.04 703.69 708.97 714.85 721.36 728.49 736.25 744.63 753.66 763.32 773.62 784.57 796.18
18 889.44 876.31 863.7 851.75 840.44 829.78 819.76 810.38 801.62 793.49 785.98 779.1 772.82 767.16 762.16 757.72 753.88 750.64 748.01 745.98 744.56 743.73 743.51 743.89 744.87 746.45 748.63 751.42 754.78 758.78 763.39 768.61 774.45 780.91 787.99 795.69 804.03 812.99 822.6 832.85 843.75 855.31
18 871.48 858.35 845.73 833.77 822.46 811.8 801.77 792.37 783.61 775.48 767.96 761.07 754.79 749.13 744.12 739.67 735.83 732.59 729.96 727.93 726.5 725.68 725.46 725.84 726.82 728.4 730.59 733.39 736.75 740.75 745.37 750.6 756.44 762.91 769.99 777.71 786.05 795.03 804.64 814.9 825.81 837.37
19 933.16 919.99 907.34 895.34 883.99 873.29 863.22 853.79 844.99 836.82 829.26 822.33 816.01 810.31 805.26 800.77 796.89 793.61 790.94 788.87 787.4 786.53 786.26 786.6 787.53 789.07 791.22 793.96 797.28 801.24 805.8 810.98 816.78 823.19 830.23 837.89 846.18 855.1 864.67 874.87 885.73 897.23
19 915.12 901.95 889.3 877.31 865.96 855.25 845.18 835.74 826.94 818.76 811.2 804.26 797.94 792.23 787.18 782.69 778.8 775.52 772.84 770.76 769.29 768.42 768.16 768.49 769.43 770.97 773.12 775.87 779.19 783.15 787.73 792.91 798.71 805.14 812.18 819.85 828.15 837.09 846.66 856.87 867.73 879.25
20 977.64 964.42 951.73 939.68 928.29 917.53 907.42 897.94 889.1 880.87 873.28 866.3 859.93 854.18 849.09 844.56 840.63 837.3 834.58 832.47 830.95 830.04 829.73 830.02 830.91 832.4 834.5 837.21 840.48 844.39 848.92 854.05 859.81 866.18 873.18 880.8 889.05 897.93 907.46 917.63 928.44 939.91
20 959.58 946.35 933.65 921.59 910.19 899.43 889.3 879.82 870.96 862.73 855.13 848.14 841.77 836.01 830.92 826.38 822.45 819.12 816.4 814.28 812.76 811.85 811.54 811.84 812.73 814.23 816.34 819.05 822.33 826.25 830.78 835.93 841.69 848.07 855.08 862.71 870.98 879.87 889.41 899.59 910.42 921.9
21 1022.9 1009.62 996.87 984.77 973.32 962.52 952.35 942.83 933.93 925.66 918.01 910.99 904.58 898.78 893.65 889.06 885.09 881.72 878.95 876.79 875.23 874.27 873.92 874.16 875.01 876.46 878.52 881.18 884.41 888.28 892.76 897.85 903.56 909.89 916.84 924.42 932.63 941.47 950.96 961.08 971.86 983.29
21 1004.77 991.49 978.74 966.63 955.18 944.37 934.2 924.67 915.76 907.48 899.83 892.79 886.37 880.57 875.43 870.84 866.86 863.49 860.72 858.55 856.99 856.03 855.68 855.92 856.77 858.23 860.29 862.95 866.19 870.07 874.56 879.66 885.38 891.72 898.68 906.26 914.48 923.33 932.82 942.96 953.74 965.17
22 1068.91 1055.59 1042.79 1030.64 1019.14 1008.29 998.07 988.5 979.55 971.23 963.53 956.46 950.0 944.15 938.97 934.34 930.31 926.89 924.08 921.87 920.26 919.25 918.85 919.05 919.85 921.25 923.26 925.87 929.06 932.88 937.31 942.36 948.02 954.31 961.21 968.74 976.91 985.7 995.14 1005.22 1015.95 1027.34
22 1050.71 1037.38 1024.56 1012.41 1000.9 990.04 979.82 970.23 961.28 952.95 945.25 938.17 931.7 925.85 920.67 916.03 912.01 908.59 905.78 903.57 901.96 900.96 900.56 900.76 901.56 902.97 904.98 907.6 910.79 914.63 919.07 924.12 929.8 936.09 943.0 950.54 958.72 967.52 976.97 987.06 997.8 1009.19
23 1115.73 1102.36 1089.5 1077.3 1065.75 1054.85 1044.59 1034.96 1025.96 1017.59 1009.84 1002.71 996.2 990.3 985.07 980.38 976.31 972.84 969.98 967.71 966.06 965.0 964.55 964.7 965.45 966.8 968.76 971.33 974.47 978.25 982.63 987.64 993.26 999.5 1006.36 1013.85 1021.97 1030.73 1040.12 1050.16 1060.85 1072.2
23 1097.49 1084.11 1071.24 1059.03 1047.48 1036.56 1026.29 1016.65 1007.64 999.26 991.51 984.37 977.86 971.96 966.72 962.03 957.95 954.48 951.62 949.36 947.7 946.64 946.19 946.34 947.1 948.46 950.42 952.99 956.13 959.91 964.31 969.31 974.94 981.18 988.05 995.55 1003.67 1012.43 1021.83 1031.87 1042.56 1053.91
24 1163.4 1149.96 1137.04 1124.79 1113.18 1102.22 1091.89 1082.21 1073.16 1064.73 1056.93 1049.75 1043.19 1037.24 1031.95 1027.22 1023.09 1019.58 1016.66 1014.35 1012.64 1011.54 1011.03 1011.13 1011.84 1013.14 1015.05 1017.57 1020.66 1024.3899999999999 1028.73 1033.69 1039.26 1045.45 1052.27 1059.71 1067.79 1076.5 1085.86 1095.86 1106.51 1117.81
24 1145.08 1131.63 1118.71 1106.44 1094.82 1083.85 1073.52 1063.82 1054.76 1046.33 1038.52 1031.34 1024.77 1018.81 1013.53 1008.79 1004.66 1001.14 998.23 995.92 994.21 993.11 992.61 992.71 993.42 994.73 996.65 999.17 1002.27 1006.0 1010.35 1015.31 1020.89 1027.09 1033.92 1041.37 1049.45 1058.17 1067.53 1077.54 1088.19 1099.5
25 1211.84 1198.36 1185.39 1173.08 1161.42 1150.41 1140.04 1130.3 1121.19 1112.71 1104.86 1097.62 1091.01 1085.0 1079.67 1074.88 1070.7 1067.13 1064.16 1061.8 1060.04 1058.88 1058.32 1058.37 1059.02 1060.28 1062.14 1064.6 1067.64 1071.32 1075.61 1080.52 1086.04 1092.19 1098.96 1106.36 1114.39 1123.05 1132.36 1142.32 1152.92 1164.19
25 1193.47 1179.97 1167.0 1154.68 1143.01 1131.99 1121.6 1111.86 1102.74 1094.25 1086.39 1079.15 1072.53 1066.52 1061.18 1056.39 1052.21 1048.63 1045.67 1043.3 1041.54 1040.39 1039.84 1039.89 1040.55 1041.81 1043.67 1046.15 1049.2 1052.88 1057.18 1062.1 1067.63 1073.78 1080.56 1087.96 1096.0 1104.67 1113.98 1123.93 1134.53 1145.79
26 1261.16 1247.62 1234.6 1222.24 1210.52 1199.45 1189.02 1179.23 1170.07 1161.53 1153.62 1146.33 1139.66 1133.6 1128.2 1123.36 1119.12 1115.5 1112.47 1110.05 1108.24 1107.03 1106.42 1106.41 1107.01 1108.22 1110.03 1112.44 1115.43 1119.06 1123.31 1128.16 1133.64 1139.74 1146.46 1153.82 1161.8 1170.43 1179.69 1189.6 1200.17 1211.39
26 1242.74 1229.19 1216.15 1203.77 1192.04 1180.96 1170.52 1160.72 1151.55 1143.01 1135.09 1127.8 1121.12 1115.06 1109.66 1104.82 1100.58 1096.95 1093.93 1091.51 1089.7 1088.49 1087.88 1087.88 1088.48 1089.68 1091.5 1093.92 1096.91 1100.55 1104.79 1109.66 1115.14 1121.25 1127.98 1135.34 1143.33 1151.96 1161.24 1171.16 1181.74 1192.97
27 1311.35 1297.75 1284.67 1272.25 1260.47 1249.35 1238.86 1229.01 1219.79 1211.2 1203.23 1195.88 1189.15 1183.04 1177.59 1172.69 1168.4 1164.71 1161.63 1159.16 1157.29 1156.03 1155.36 1155.3 1155.85 1157.0 1158.76 1161.12 1164.06 1167.64 1171.83 1176.64 1182.07 1188.12 1194.79 1202.1 1210.04 1218.62 1227.84 1237.71 1248.23 1259.41
27 1292.89 1279.28 1266.18 1253.74 1241.95 1230.81 1220.31 1210.44 1201.22 1192.61 1184.64 1177.29 1170.55 1164.43 1158.98 1154.08 1149.79 1146.1 1143.02 1140.55 1138.68 1137.42 1136.76 1136.7 1137.25 1138.4 1140.16 1142.53 1145.47 1149.06 1153.25 1158.07 1163.5 1169.55 1176.24 1183.55 1191.5 1200.08 1209.31 1219.19 1229.72 1240.91
28 1362.48 1348.82 1335.67 1323.18 1311.35 1300.15 1289.6 1279.69 1270.41 1261.76 1253.73 1246.32 1239.53 1233.35 1227.85 1222.89 1218.54 1214.8 1211.66 1209.13 1207.2 1205.88 1205.16 1205.04 1205.53 1206.63 1208.33 1210.64 1213.52 1217.04 1221.18 1225.94 1231.31 1237.31 1243.93 1251.19 1259.08 1267.61 1276.78 1286.6 1297.08 1308.21
28 1343.91 1330.23 1317.07 1304.57 1292.73 1281.52 1270.96 1261.04 1251.75 1243.09 1235.06 1227.64 1220.85 1214.67 1209.16 1204.2 1199.85 1196.11 1192.97 1190.44 1188.52 1187.2 1186.48 1186.37 1186.87 1187.97 1189.67 1191.99 1194.88 1198.41 1202.56 1207.32 1212.7 1218.71 1225.34 1232.6 1240.5 1249.03 1258.21 1268.04 1278.51 1289.65
29 1414.45 1400.74 1387.54 1375.0 1363.1 1351.85 1341.24 1331.27 1321.93 1313.21 1305.12 1297.65 1290.8 1284.56 1278.99 1273.97 1269.56 1265.76 1262.57 1259.97 1257.99 1256.61 1255.83 1255.66 1256.09 1257.13 1258.78 1261.04 1263.87 1267.34 1271.43 1276.13 1281.45 1287.4 1293.97 1301.17 1309.01 1317.48 1326.6 1336.36 1346.78 1357.85
29 1395.85 1382.11 1368.88 1356.32 1344.41 1333.15 1322.53 1312.54 1303.19 1294.47 1286.38 1278.9 1272.05 1265.81 1260.24 1255.22 1250.81 1247.01 1243.82 1241.23 1239.25 1237.87 1237.09 1236.92 1237.36 1238.4 1240.05 1242.31 1245.14 1248.62 1252.71 1257.41 1262.74 1268.69 1275.27 1282.48 1290.32 1298.8 1307.93 1317.71 1328.14 1339.23
30 1467.49 1453.68 1440.4 1427.77 1415.8 1404.48 1393.8 1383.76 1374.35 1365.57 1357.42 1349.89 1342.97 1336.68 1331.05 1325.97 1321.5 1317.64 1314.39 1311.74 1309.69 1308.25 1307.41 1307.18 1307.55 1308.53 1310.12 1312.31 1315.08 1318.49 1322.52 1327.16 1332.43 1338.31 1344.83 1351.98 1359.77 1368.2 1377.27 1387.0 1397.38 1408.43
30 1448.7 1434.9 1421.61 1408.98 1397.01 1385.68 1375.0 1364.95 1355.54 1346.75 1338.6 1331.06 1324.14 1317.85 1312.22 1307.14 1302.67 1298.8 1295.55 1292.9 1290.86 1289.42 1288.59 1288.36 1288.74 1289.72 1291.31 1293.51 1296.29 1299.71 1303.74 1308.39 1313.65 1319.55 1326.07 1333.22 1341.0 1349.43 1358.49 1368.21 1378.58 1389.62
31 1521.5 1507.61 1494.24 1481.53 1469.48 1458.08 1447.33 1437.21 1427.73 1418.89 1410.67 1403.07 1396.09 1389.73 1384.04 1378.9 1374.37 1370.45 1367.13 1364.42 1362.31 1360.81 1359.91 1359.62 1359.93 1360.85 1362.37 1364.51 1367.22 1370.58 1374.55 1379.14 1384.35 1390.19 1396.66 1403.76 1411.5 1419.89 1428.93 1438.62 1448.97 1460.0
31 1502.66 1488.76 1475.38 1462.66 1450.6 1439.2 1428.44 1418.32 1408.84 1399.99 1391.77 1384.17 1377.19 1370.83 1365.14 1360.0 1355.47 1351.55 1348.23 1345.52 1343.42 1341.92 1341.02 1340.73 1341.04 1341.96 1343.49 1345.63 1348.34 1351.7 1355.67 1360.27 1365.48 1371.32 1377.8 1384.91 1392.66 1401.05 1410.1 1419.8 1430.17 1441.2
32 1576.33 1562.37 1548.93 1536.16 1524.04 1512.58 1501.76 1491.58 1482.04 1473.13 1464.84 1457.18 1450.14 1443.72 1437.96 1432.76 1428.16 1424.18 1420.8 1418.02 1415.85 1414.29 1413.33 1412.97 1413.22 1414.07 1415.54 1417.61 1420.27 1423.56 1427.47 1432.0 1437.15 1442.93 1449.34 1456.38 1464.07 1472.4 1481.38 1491.02 1501.32 1512.29
32 1557.48 1543.5 1530.05 1517.27 1505.14 1493.67 1482.84 1472.66 1463.11 1454.19 1445.9 1438.24 1431.19 1424.77 1419.01 1413.8 1409.21 1405.22 1401.84 1399.07 1396.9 1395.33 1394.37 1394.02 1394.27 1395.13 1396.6 1398.68 1401.33 1404.63 1408.55 1413.08 1418.24 1424.03 1430.45 1437.5 1445.2 1453.54 1462.53 1472.18 1482.5 1493.49
33 1632.29 1618.26 1604.74 1591.89 1579.7 1568.15 1557.26 1547.01 1537.39 1528.4 1520.04 1512.31 1505.2 1498.7 1492.88 1487.61 1482.94 1478.89 1475.44 1472.6 1470.36 1468.73 1467.7 1467.28 1467.47 1468.26 1469.66 1471.67 1474.26 1477.49 1481.34 1485.81 1490.9 1496.63 1502.98 1509.96 1517.59 1525.87 1534.79 1544.38 1554.62 1565.54
33 1613.44 1599.36 1585.81 1572.93 1560.71 1549.15 1538.24 1527.98 1518.35 1509.36 1501.0 1493.26 1486.15 1479.65 1473.83 1468.56 1463.9 1459.85 1456.4 1453.56 1451.33 1449.7 1448.68 1448.26 1448.45 1449.24 1450.64 1452.66 1455.25 1458.49 1462.34 1466.81 1471.91 1477.64 1484.0 1491.0 1498.65 1506.94 1515.89 1525.49 1535.77 1546.72
34 1689.2 1675.08 1661.49 1648.56 1636.29 1624.68 1613.71 1603.38 1593.69 1584.63 1576.21 1568.4 1561.22 1554.65 1548.76 1543.42 1538.69 1534.57 1531.05 1528.15 1525.84 1524.15 1523.06 1522.57 1522.69 1523.42 1524.76 1526.7 1529.23 1532.4 1536.19 1540.59 1545.62 1551.27 1557.56 1564.48 1572.04 1580.25 1589.11 1598.62 1608.8 1619.64
34 1670.18 1656.05 1642.44 1629.49 1617.21 1605.59 1594.61 1584.27 1574.58 1565.52 1557.09 1549.28 1542.1 1535.53 1529.64 1524.3 1519.57 1515.45 1511.94 1509.04 1506.74 1505.05 1503.96 1503.48 1503.6 1504.33 1505.67 1507.63 1510.16 1513.33 1517.12 1521.53 1526.57 1532.23 1538.52 1545.45 1553.02 1561.24 1570.11 1579.64 1589.83 1600.69
35 1747.23 1733.02 1719.34 1706.33 1693.98 1682.28 1671.23 1660.83 1651.06 1641.93 1633.43 1625.55 1618.29 1611.66 1605.7 1600.28 1595.48 1591.29 1587.71 1584.73 1582.36 1580.59 1579.44 1578.88 1578.94 1579.6 1580.87 1582.75 1585.21 1588.32 1592.04 1596.38 1601.35 1606.95 1613.18 1620.05 1627.56 1635.72 1644.53 1654.01 1664.15 1674.96
35 1728.08 1713.85 1700.15 1687.12 1674.76 1663.05 1651.99 1641.58 1631.82 1622.68 1614.18 1606.3 1599.05 1592.41 1586.46 1581.05 1576.25 1572.06 1568.48 1565.5 1563.14 1561.37 1560.22 1559.67 1559.72 1560.39 1561.66 1563.54 1566.01 1569.12 1572.84 1577.19 1582.17 1587.77 1594.01 1600.88 1608.41 1616.58 1625.41 1634.9 1645.06 1655.89
36 1806.19 1791.91 1778.15 1765.07 1752.64 1740.87 1729.75 1719.27 1709.43 1700.23 1691.65 1683.71 1676.38 1669.67 1663.64 1658.16 1653.29 1649.02 1645.37 1642.32 1639.88 1638.04 1636.81 1636.19 1636.17 1636.76 1637.96 1639.77 1642.16 1645.19 1648.85 1653.12 1658.02 1663.55 1669.71 1676.51 1683.96 1692.05 1700.8 1710.21 1720.29 1731.05
36 1787.06 1772.75 1758.96 1745.84 1733.39 1721.6 1710.47 1699.98 1690.13 1680.92 1672.34 1664.38 1657.06 1650.35 1644.32 1638.83 1633.96 1629.7 1626.04 1623.0 1620.56 1618.72 1617.49 1616.87 1616.86 1617.45 1618.65 1620.46 1622.86 1625.9 1629.56 1633.84 1638.74 1644.28 1650.46 1657.27 1664.73 1672.84 1681.62 1691.05 1701.16 1711.95
37 1866.26 1851.92 1838.1 1824.94 1812.44 1800.6 1789.4 1778.84 1768.93 1759.64 1750.99 1742.96 1735.55 1728.76 1722.65 1717.09 1712.14 1707.8 1704.07 1700.95 1698.44 1696.53 1695.23 1694.54 1694.45 1694.98 1696.11 1697.86 1700.19 1703.16 1706.75 1710.96 1715.79 1721.25 1727.34 1734.07 1741.44 1749.46 1758.12 1767.45 1777.43 1788.08
37 1847.02 1832.64 1818.79 1805.6 1793.08 1781.22 1770.0 1759.44 1749.51 1740.22 1731.56 1723.53 1716.12 1709.34 1703.23 1697.67 1692.72 1688.38 1684.66 1681.54 1679.03 1677.12 1675.82 1675.13 1675.05 1675.58 1676.71 1678.46 1680.8 1683.77 1687.36 1691.58 1696.42 1701.89 1708.0 1714.74 1722.13 1730.17 1738.86 1748.22 1758.24 1768.93
38 1927.63 1913.16 1899.21 1885.94 1873.34 1861.4 1850.1 1839.46 1829.46 1820.09 1811.36 1803.25 1795.77 1788.91 1782.73 1777.09 1772.07 1767.66 1763.86 1760.66 1758.07 1756.09 1754.71 1753.94 1753.78 1754.23 1755.28 1756.95 1759.2 1762.09 1765.61 1769.74 1774.5 1779.89 1785.92 1792.59 1799.9 1807.86 1816.49 1825.77 1835.73 1846.36
38 1908.34 1893.83 1879.86 1866.56 1853.93 1841.97 1830.66 1820.01 1809.99 1800.62 1791.88 1783.77 1776.29 1769.43 1763.24 1757.61 1752.59 1748.17 1744.37 1741.18 1738.59 1736.61 1735.24 1734.47 1734.31 1734.76 1735.82 1737.49 1739.75 1742.65 1746.16 1750.3 1755.07 1760.47 1766.51 1773.19 1780.52 1788.5 1797.14 1806.45 1816.43 1827.09
39 1989.91 1975.37 1961.37 1948.03 1935.35 1923.33 1911.96 1901.24 1891.15 1881.7 1872.89 1864.7 1857.13 1850.19 1843.92 1838.21 1833.1 1828.61 1824.73 1821.45 1818.78 1816.73 1815.28 1814.43 1814.2 1814.57 1815.56 1817.16 1819.35 1822.17 1825.62 1829.69 1834.39 1839.71 1845.68 1852.28 1859.53 1867.42 1875.98 1885.19 1895.07 1905.63
39 1970.49 1955.92 1941.88 1928.51 1915.81 1903.77 1892.38 1881.65 1871.56 1862.1 1853.28 1845.09 1837.53 1830.59 1824.32 1818.61 1813.51 1809.02 1805.14 1801.87 1799.21 1797.16 1795.71 1794.87 1794.64 1795.02 1796.01 1797.61 1799.8 1802.63 1806.08 1810.16 1814.86 1820.19 1826.16 1832.77 1840.03 1847.94 1856.5 1865.73 1875.64 1886.22
40 2053.49 2038.86 2024.76 2011.33 1998.56 1986.45 1974.99 1964.18 1954.01 1944.47 1935.57 1927.29 1919.64 1912.61 1906.26 1900.46 1895.28 1890.7 1886.74 1883.39 1880.64 1878.51 1876.98 1876.06 1875.75 1876.05 1876.96 1878.49 1880.61 1883.36 1886.73 1890.73 1895.35 1900.6 1906.49 1913.02 1920.19 1928.01 1936.48 1945.62 1955.42 1965.89
40 2034.08 2019.39 2005.24 1991.76 1978.96 1966.82 1955.33 1944.5 1934.31 1924.76 1915.85 1907.57 1899.92 1892.89 1886.54 1880.74 1875.56 1870.99 1867.02 1863.67 1860.93 1858.8 1857.27 1856.35 1856.05 1856.35 1857.26 1858.79 1860.9 1863.66 1867.03 1871.03 1875.66 1880.92 1886.82 1893.36 1900.55 1908.39 1916.89 1926.06 1935.9 1946.42
41 2118.21 2103.49 2089.3 2075.77 2062.91 2050.71 2039.16 2028.26 2018.0 2008.38 1999.4 1991.04 1983.3 1976.19 1969.76 1963.88 1958.61 1953.95 1949.91 1946.47 1943.64 1941.42 1939.81 1938.81 1938.42 1938.64 1939.47 1940.91 1942.95 1945.62 1948.91 1952.83 1957.38 1962.55 1968.37 1974.82 1981.93 1989.68 1998.09 2007.17 2016.91 2027.33
41 2098.63 2083.87 2069.63 2056.08 2043.19 2030.97 2019.4 2008.48 1998.21 1988.58 1979.59 1971.22 1963.49 1956.37 1949.94 1944.06 1938.79 1934.14 1930.09 1926.66 1923.83 1921.62 1920.01 1919.01 1918.62 1918.84 1919.67 1921.12 1923.16 1925.84 1929.14 1933.06 1937.62 1942.81 1948.64 1955.11 1962.23 1970.01 1978.45 1987.56 1997.34 2007.81
42 2184.04 2169.25 2154.98 2141.38 2128.44 2116.15 2104.52 2093.54 2083.19 2073.49 2064.41 2055.97 2048.1400000000003 2040.95 2034.43 2028.46 2023.1 2018.36 2014.23 2010.71 2007.8 2005.5 2003.8 2002.72 2002.25 2002.39 2003.14 2004.5 2006.46 2009.05 2012.27 2016.11 2020.58 2025.68 2031.41 2037.79 2044.81 2052.49 2060.81 2069.8 2079.46 2089.8
42 2164.35 2149.51 2135.19 2121.55 2108.58 2096.28 2084.63 2073.63 2063.27 2053.56 2044.48 2036.03 2028.21 2021.01 2014.5 2008.53 2003.18 1998.44 1994.31 1990.79 1987.89 1985.59 1983.89 1982.81 1982.34 1982.48 1983.23 1984.6 1986.55 1989.15 1992.37 1996.21 2000.69 2005.8 2011.55 2017.94 2024.98 2032.68 2041.04 2050.07 2059.78 2070.17
43 2251.33 2236.41 2222.01 2208.29 2195.24 2182.85 2171.11 2160.03 2149.59 2139.79 2130.62 2122.09 2114.18 2106.89 2100.29 2094.24 2088.79 2083.96 2079.75 2076.14 2073.14 2070.75 2068.97 2067.79 2067.23 2067.28 2067.94 2069.21 2071.08 2073.58 2076.71 2080.46 2084.85 2089.87 2095.52 2101.82 2108.78 2116.38 2124.65 2133.59 2143.21 2153.5
43 2231.52 2216.57 2202.14 2188.39 2175.31 2162.9 2151.15 2140.05 2129.6 2119.79 2110.61 2102.07 2094.16 2086.87 2080.26 2074.2 2068.76 2063.93 2059.72 2056.11 2053.12 2050.73 2048.95 2047.79 2047.23 2047.29 2047.96 2049.24 2051.12 2053.64 2056.78 2060.54 2064.94 2069.98 2075.65 2081.98 2088.95 2096.58 2104.88 2113.84 2123.49 2133.82
44 2319.83 2304.81 2290.32 2276.5 2263.35 2250.86 2239.02 2227.84 2217.3 2207.4 2198.13 2189.5 2181.49 2174.11 2167.41 2161.26 2155.73 2150.81 2146.5 2142.8 2139.71 2137.23 2135.36 2134.11 2133.46 2133.42 2134.0 2135.2 2136.99 2139.41 2142.46 2146.14 2150.45 2155.39 2160.98 2167.2 2174.08 2181.61 2189.81 2198.67 2208.21 2218.43
44 2299.96 2284.89 2270.34 2256.48 2243.3 2230.78 2218.93 2207.72 2197.17 2187.26 2177.99 2169.35 2161.34 2153.95 2147.25 2141.1 2135.57 2130.65 2126.34 2122.64 2119.56 2117.08 2115.22 2113.96 2113.32 2113.29 2113.87 2115.07 2116.86 2119.3 2122.35 2126.04 2130.36 2135.32 2140.91 2147.16 2154.06 2161.62 2169.85 2178.75 2188.33 2198.6
45 2389.6 2374.47 2359.87 2345.94 2332.68 2320.09 2308.15 2296.86 2286.22 2276.22 2266.86 2258.13 2250.03 2242.55 2235.76 2229.51 2223.89 2218.87 2214.48 2210.69 2207.51 2204.95 2202.99 2201.65 2200.92 2200.8 2201.29 2202.4 2204.11 2206.45 2209.42 2213.01 2217.24 2222.1 2227.6 2233.74 2240.54 2247.99 2256.1 2264.88 2274.33 2284.47
45 2369.68 2354.49 2339.83 2325.85 2312.56 2299.93 2287.96 2276.65 2266.0 2255.98 2246.61 2237.87 2229.76 2222.28 2215.49 2209.24 2203.61 2198.6 2194.2 2190.41 2187.24 2184.67 2182.72 2181.37 2180.64 2180.52 2181.02 2182.13 2183.84 2186.18 2189.16 2192.76 2196.99 2201.86 2207.38 2213.54 2220.35 2227.83 2235.97 2244.79 2254.29 2264.48
46 2460.16 2445.01 2430.38 2416.41 2403.11 2390.46 2378.47 2367.11 2356.4 2346.33 2336.88 2328.07 2319.88 2312.31 2305.43 2299.1 2293.38 2288.27 2283.77 2279.89 2276.62 2273.95 2271.9 2270.46 2269.63 2269.42 2269.82 2270.84 2272.45 2274.7 2277.57 2281.07 2285.2 2289.97 2295.37 2301.42 2308.12 2315.46 2323.47 2332.14 2341.49 2351.51
46 2440.66 2425.36 2410.59 2396.5 2383.1 2370.36 2358.29 2346.88 2336.12 2326.0 2316.53 2307.69 2299.48 2291.9 2285.01 2278.66 2272.94 2267.83 2263.33 2259.45 2256.18 2253.52 2251.47 2250.04 2249.21 2249.0 2249.41 2250.43 2252.06 2254.32 2257.2 2260.72 2264.88 2269.67 2275.1 2281.19 2287.94 2295.35 2303.42 2312.18 2321.62 2331.75
47 2532.83 2517.52 2502.73 2488.62 2475.17 2462.39 2450.27 2438.8 2427.97 2417.79 2408.23 2399.32 2391.02 2383.36 2376.38 2369.95 2364.13 2358.93 2354.34 2350.36 2346.99 2344.24 2342.09 2340.56 2339.64 2339.33 2339.64 2340.56 2342.09 2344.25 2347.03 2350.45 2354.5 2359.19 2364.52 2370.51 2377.14 2384.44 2392.4 2401.03 2410.35 2420.36
47 2512.76 2497.41 2482.58 2468.42 2454.94 2442.13 2429.97 2418.46 2407.6 2397.39 2387.81 2378.87 2370.55 2362.86 2355.87 2349.42 2343.59 2338.38 2333.78 2329.8 2326.43 2323.67 2321.53 2320.0 2319.09 2318.79 2319.12 2320.06 2321.6 2323.78 2326.59 2330.03 2334.11 2338.83 2344.19 2350.2 2356.87 2364.19 2372.18 2380.85 2390.2 2400.23
48 2606.93 2591.46 2576.53 2562.27 2548.69 2535.78 2523.53 2511.93 2500.98 2490.68 2481.01 2471.98 2463.58 2455.81 2448.73 2442.19 2436.27 2430.96 2426.27 2422.19 2418.73 2415.87 2413.63 2412.0 2410.98 2410.57 2410.78 2411.61 2413.04 2415.11 2417.8 2421.12 2425.07 2429.66 2434.9 2440.78 2447.33 2454.53 2462.39 2470.94 2480.16 2490.08
48 2586.63 2571.12 2556.14 2541.84 2528.23 2515.28 2503.0 2491.38 2480.4 2470.08 2460.39 2451.35 2442.93 2435.14 2428.05 2421.51 2415.58 2410.27 2405.58 2401.5 2398.03 2395.18 2392.94 2391.32 2390.3 2389.91 2390.12 2390.96 2392.4 2394.48 2397.18 2400.51 2404.48 2409.08 2414.33 2420.22 2426.78 2433.99 2441.87 2450.42 2459.65 2469.57
49 2682.37 2666.73 2651.63 2637.22 2623.49 2610.44 2598.06 2586.34 2575.28 2564.86 2555.09 2545.95 2537.45 2529.58 2522.4 2515.76 2509.75 2504.35 2499.56 2495.39 2491.82 2488.87 2486.53 2484.8 2483.68 2483.17 2483.28 2484.01 2485.34 2487.3 2489.89 2493.11 2496.97 2501.46 2506.61 2512.4 2518.86 2525.98 2533.77 2542.25 2551.41 2561.28
49 2661.97 2646.3 2631.17 2616.73 2602.97 2589.89 2577.47 2565.72 2554.63 2544.18 2534.38 2525.22 2516.7 2508.8 2501.6 2494.95 2488.92 2483.51 2478.72 2474.54 2470.97 2468.01 2465.67 2463.95 2462.83 2462.33 2462.45 2463.19 2464.53 2466.5 2469.1 2472.33 2476.2 2480.71 2485.86 2491.66 2498.12 2505.24 2513.03 2521.5 2530.65 2540.49
50 2758.48 2742.83 2727.7 2713.25 2699.47 2686.36 2673.92 2662.13 2650.98 2640.48 2630.62 2621.39 2612.79 2604.81 2597.53 2590.79 2584.67 2579.16 2574.27 2569.98 2566.31 2563.25 2560.8 2558.97 2557.74 2557.13 2557.14 2557.77 2559.0 2560.86 2563.36 2566.49 2570.25 2574.66 2579.71 2585.42 2591.78 2598.82 2606.52 2614.91 2623.98 2633.76
50 2738.77 2722.95 2707.67 2693.08 2679.18 2665.97 2653.42 2641.54 2630.32 2619.76 2609.84 2600.56 2591.91 2583.9 2576.59 2569.83 2563.69 2558.16 2553.26 2548.96 2545.29 2542.23 2539.78 2537.95 2536.73 2536.13 2536.15 2536.78 2538.03 2539.92 2542.43 2545.58 2549.37 2553.81 2558.89 2564.64 2571.05 2578.13 2585.89 2594.33 2603.47 2613.32
51 2836.78 2820.98 2805.71 2791.13 2777.22 2763.98 2751.41 2739.49 2728.22 2717.6 2707.62 2698.27 2689.56 2681.47 2674.08 2667.23 2661.0 2655.38 2650.38 2645.99 2642.22 2639.06 2636.51 2634.57 2633.24 2632.53 2632.44 2632.97 2634.1 2635.87 2638.26 2641.28 2644.95 2649.25 2654.2 2659.8 2666.06 2672.98 2680.57 2688.85 2697.81 2707.46
51 2816.34 2800.5 2785.18 2770.55 2756.59 2743.3 2730.68 2718.71 2707.39 2696.72 2686.69 2677.31 2668.55 2660.43 2653.0 2646.13 2639.87 2634.24 2629.22 2624.82 2621.04 2617.88 2615.33 2613.4 2612.09 2611.39 2611.32 2611.87 2613.02 2614.81 2617.24 2620.29 2623.98 2628.32 2633.29 2638.92 2645.21 2652.15 2659.77 2668.06 2677.02 2686.68
52 2916.26 2900.38 2885.02 2870.34 2856.33 2842.98 2830.3 2818.27 2806.89 2796.16 2786.06 2776.6 2767.77 2759.56 2752.06 2745.1 2738.75 2733.03 2727.92 2723.42 2719.54 2716.28 2713.62 2711.58 2710.16 2709.35 2709.15 2709.58 2710.61 2712.27 2714.56 2717.47 2721.02 2725.2 2730.03 2735.5 2741.62 2748.4 2755.84 2763.95 2772.73 2782.2
52 2896.0 2880.03 2864.58 2849.81 2835.73 2822.31 2809.56 2797.47 2786.03 2775.24 2765.09 2755.57 2746.7 2738.45 2730.91 2723.91 2717.54 2711.78 2706.65 2702.13 2698.23 2694.95 2692.29 2690.24 2688.81 2688.01 2687.82 2688.26 2689.31 2690.99 2693.31 2696.26 2699.85 2704.09 2708.98 2714.52 2720.72 2727.58 2735.12 2743.33 2752.24 2761.83
53 2998.15 2982.06 2966.49 2951.61 2937.41 2923.89 2911.03 2898.84 2887.3 2876.42 2866.17 2856.57 2847.61 2839.27 2831.64 2824.55 2818.08 2812.24 2807.01 2802.4 2798.4 2795.02 2792.26 2790.11 2788.57 2787.65 2787.35 2787.67 2788.6 2790.16 2792.35 2795.17 2798.62 2802.72 2807.46 2812.85 2818.9 2825.6 2832.98 2841.03 2849.76 2859.18
53 2977.07 2960.98 2945.4 2930.52 2916.31 2902.76 2889.89 2877.67 2866.11 2855.19 2844.92 2835.29 2826.3 2817.93 2810.28 2803.16 2796.68 2790.81 2785.57 2780.94 2776.93 2773.55 2770.77 2768.62 2767.09 2766.17 2765.87 2766.2 2767.14 2768.7 2770.9 2773.73 2777.2 2781.3 2786.04 2791.44 2797.48 2804.18 2811.55 2819.58 2828.29 2837.67
54 3080.12 3063.97 3048.36 3033.43 3019.19 3005.61 2992.71 2980.46 2968.86 2957.91 2947.6 2937.93 2928.88 2920.46 2912.74 2905.56 2898.99 2893.04 2887.7 2882.97 2878.86 2875.35 2872.45 2870.17 2868.5 2867.44 2867.01 2867.19 2867.98 2869.4 2871.46 2874.15 2877.48 2881.46 2886.09 2891.37 2897.33 2903.96 2911.27 2919.28 2927.98 2937.39
54 3060.32 3043.96 3028.14 3013.03 2998.61 2984.89 2971.84 2959.47 2947.76 2936.71 2926.32 2916.56 2907.45 2898.98 2891.22 2883.99 2877.4 2871.42 2866.06 2861.33 2857.2 2853.69 2850.8 2848.52 2846.85 2845.8 2845.37 2845.56 2846.36 2847.79 2849.85 2852.55 2855.88 2859.85 2864.48 2869.76 2875.7 2882.31 2889.6 2897.57 2906.23 2915.6
55 3165.13 3148.83 3133.05 3117.95 3103.53 3089.78 3076.7 3064.27 3052.5 3041.37 3030.89 3021.05 3011.84 3003.26 2995.39 2988.06 2981.35 2975.27 2969.8 2964.95 2960.71 2957.1 2954.1 2951.71 2949.95 2948.8 2948.27 2948.37 2949.08 2950.42 2952.39 2955.0 2958.24 2962.13 2966.66 2971.84 2977.68 2984.19 2991.36 2999.21 3007.75 3016.98
55 3143.92 3127.58 3111.77 3096.64 3082.19 3068.41 3055.29 3042.83 3031.03 3019.87 3009.36 2999.48 2990.25 2981.64 2973.74 2966.39 2959.65 2953.54 2948.06 2943.19 2938.94 2935.3 2932.29 2929.89 2928.12 2926.97 2926.43 2926.53 2927.24 2928.58 2930.56 2933.17 2936.42 2940.32 2944.86 2950.07 2955.93 2962.45 2969.65 2977.53 2986.09 2995.35
56 3251.93 3235.33 3219.27 3203.92 3189.28 3175.33 3162.06 3149.46 3137.54 3126.27 3115.65 3105.68 3096.36 3087.66 3079.68 3072.24 3065.42 3059.23 3053.65 3048.69 3044.34 3040.61 3037.49 3034.99 3033.1 3031.82 3031.17 3031.13 3031.71 3032.92 3034.76 3037.24 3040.36 3044.12 3048.54 3053.62 3059.36 3065.78 3072.88 3080.67 3089.17 3098.37
56 3230.98 3214.29 3198.14 3182.72 3168.0 3153.97 3140.64 3127.98 3115.99 3104.67 3094.0 3083.98 3074.61 3065.88 3057.85 3050.38 3043.52 3037.29 3031.68 3026.69 3022.32 3018.56 3015.42 3012.89 3010.98 3009.69 3009.02 3008.97 3009.54 3010.73 3012.56 3015.03 3018.14 3021.9 3026.31 3031.38 3037.13 3043.55 3050.65 3058.45 3066.95 3076.16
57 3339.19 3322.52 3306.4 3290.98 3276.25 3262.21 3248.85 3236.15 3224.12 3212.74 3202.01 3191.93 3182.48 3173.66 3165.56 3157.99 3151.04 3144.71 3139.0 3133.9 3129.41 3125.54 3122.28 3119.64 3117.61 3116.19 3115.39 3115.21 3115.65 3116.71 3118.41 3120.74 3123.71 3127.33 3131.59 3136.52 3142.11 3148.38 3155.33 3162.96 3171.3 3180.35
57 3319.53 3302.54 3286.13 3270.45 3255.5 3241.25 3227.71 3214.86 3202.69 3191.2 3180.37 3170.19 3160.67 3151.79 3143.63 3136.02 3129.04 3122.68 3116.94 3111.82 3107.32 3103.44 3100.17 3097.52 3095.48 3094.06 3093.26 3093.08 3093.52 3094.59 3096.29 3098.62 3101.6 3105.23 3109.52 3114.46 3120.08 3126.38 3133.37 3141.06 3149.45 3158.57
58 3429.04 3412.14 3395.8 3380.17 3365.25 3351.02 3337.49 3324.63 3312.45 3300.92 3290.05 3279.83 3270.26 3261.32 3253.09 3245.4 3238.34 3231.89 3226.07 3220.86 3216.26 3212.28 3208.92 3206.16 3204.02 3202.5 3201.6 3201.32 3201.66 3202.62 3204.22 3206.46 3209.34 3212.87 3217.06 3221.92 3227.44 3233.65 3240.55 3248.14 3256.45 3265.48
58 3407.83 3390.9 3374.51 3358.84 3343.87 3329.59 3315.99 3303.08 3290.83 3279.24 3268.31 3258.02 3248.38 3239.38 3231.09 3223.34 3216.22 3209.73 3203.85 3198.6 3193.96 3189.94 3186.53 3183.75 3181.58 3180.03 3179.1 3178.8 3179.12 3180.07 3181.65 3183.88 3186.75 3190.27 3194.45 3199.29 3204.8 3210.99 3217.87 3225.44 3233.72 3242.72
59 3521.28 3504.2 3487.66 3471.83 3456.71 3442.28 3428.53 3415.46 3403.07 3391.33 3380.26 3369.83 3360.05 3350.92 3342.5 3334.63 3327.39 3320.77 3314.78 3309.41 3304.67 3300.54 3297.04 3294.15 3291.89 3290.24 3289.22 3288.83 3289.05 3289.9 3291.39 3293.51 3296.28 3299.69 3303.75 3308.47 3313.86 3319.91 3326.64 3334.05 3342.16 3350.97
59 3500.07 3482.85 3466.19 3450.26 3435.04 3420.52 3406.7 3393.57 3381.12 3369.33 3358.21 3347.74 3337.93 3328.75 3320.3 3312.39 3305.12 3298.47 3292.44 3287.04 3282.26 3278.1 3274.56 3271.64 3269.34 3267.66 3266.61 3266.18 3266.38 3267.22 3268.69 3270.8 3273.57 3276.98 3281.06 3285.81 3291.24 3297.35 3304.16 3311.67 3319.9 3328.85
60 3614.92 3597.43 3580.54 3564.41 3549.03 3534.39 3520.47 3507.25 3494.72 3482.88 3471.7 3461.19 3451.33 3442.11 3433.61 3425.66 3418.32 3411.61 3405.51 3400.02 3395.14 3390.87 3387.21 3384.16 3381.72 3379.89 3378.68 3378.08 3378.11 3378.76 3380.05 3381.98 3384.56 3387.81 3391.72 3396.32 3401.61 3407.61 3414.33 3421.78 3429.97 3438.94
60 3593.75 3576.29 3559.4 3543.25 3527.82 3513.1 3499.08 3485.76 3473.12 3461.15 3449.86 3439.22 3429.24 3419.9 3411.29 3403.23 3395.8 3389.0 3382.83 3377.28 3372.35 3368.04 3364.35 3361.29 3358.84 3357.02 3355.82 3355.25 3355.3 3355.99 3357.31 3359.27 3361.89 3365.15 3369.08 3373.67 3378.95 3384.9 3391.55 3398.9 3406.97 3415.76
61 3712.14 3694.12 3676.75 3660.19 3644.43 3629.44 3615.2 3601.71 3588.94 3576.87 3565.5 3554.8 3544.78 3535.41 3526.77 3518.68 3511.21 3504.38 3498.16 3492.55 3487.55 3483.16 3479.38 3476.2 3473.63 3471.67 3470.32 3469.59 3469.47 3469.98 3471.12 3472.9 3475.34 3478.43 3482.2 3486.66 3491.82 3497.69 3504.29 3511.64 3519.75 3528.65
61 3689.94 3672.04 3654.74 3638.22 3622.47 3607.47 3593.2 3579.65 3566.8 3554.66 3543.19 3532.4 3522.27 3512.8 3504.06 3495.87 3488.31 3481.38 3475.08 3469.4 3464.33 3459.89 3456.05 3452.84 3450.23 3448.25 3446.89 3446.15 3446.03 3446.54 3447.69 3449.48 3451.93 3455.04 3458.81 3463.27 3468.41 3474.26 3480.82 3488.11 3496.14 3504.93
62 3809.96 3791.63 3773.98 3757.17 3741.17 3725.97 3711.53 3697.85 3684.9 3672.66 3661.11 3650.25 3640.06 3630.53 3621.72 3613.46 3605.83 3598.81 3592.41 3586.63 3581.44 3576.87 3572.89 3569.53 3566.77 3564.63 3563.1 3562.2 3561.92 3562.28 3563.3 3564.97 3567.32 3570.36 3574.1 3578.57 3583.78 3589.75 3596.5 3604.06 3612.44 3621.68
62 3787.4 3769.13 3751.51 3734.7 3718.7 3703.47 3689.0 3675.28 3662.27 3649.97 3638.37 3627.44 3617.18 3607.58 3598.71 3590.38 3582.69 3575.62 3569.17 3563.33 3558.11 3553.5 3549.5 3546.11 3543.33 3541.17 3539.64 3538.73 3538.45 3538.81 3539.82 3541.49 3543.84 3546.87 3550.6 3555.04 3560.22 3566.14 3572.83 3580.31 3588.6 3597.71
63 3909.57 3890.68 3872.54 3855.3 3838.94 3823.42 3808.73 3794.82 3781.69 3769.29 3757.62 3746.66 3736.37 3726.76 3717.89 3709.56 3701.87 3694.79 3688.33 3682.47 3677.21 3672.55 3668.49 3665.02 3662.15 3659.89 3658.23 3657.19 3656.77 3656.98 3657.84 3659.36 3661.55 3664.43 3668.03 3672.36 3677.45 3683.31 3689.98 3697.48 3705.84 3715.09
63 3887.34 3868.73 3850.79 3833.7 3817.42 3801.94 3787.24 3773.28 3760.06 3747.56 3735.75 3724.64 3714.19 3704.4 3695.35 3686.85 3678.97 3671.73 3665.1 3659.08 3653.68 3648.9 3644.72 3641.16 3638.22 3635.89 3634.2 3633.14 3632.72 3632.94 3633.83 3635.4 3637.66 3640.62 3644.3 3648.72 3653.9 3659.86 3666.62 3674.21 3682.65 3691.97
64 4012.46 3993.14 3974.6 3957.01 3940.33 3924.54 3909.58 3895.45 3882.09 3869.49 3857.63 3846.47 3836.0 3826.19 3817.13 3808.61 3800.71 3793.43 3786.75 3780.67 3775.18 3770.28 3765.97 3762.25 3759.12 3756.6 3754.69 3753.39 3752.73 3752.7 3753.32 3754.63 3756.64 3759.36 3762.83 3767.06 3772.1 3777.96 3784.69 3792.31 3800.86 3810.38
64 3990.24 3971.0 3952.5 3934.91 3918.2 3902.34 3887.29 3873.04 3859.56 3846.82 3834.81 3823.51 3812.89 3802.95 3793.76 3785.11 3777.1 3769.71 3762.95 3756.79 3751.24 3746.3 3741.97 3738.24 3735.12 3732.62 3730.74 3729.49 3728.87 3728.9 3729.59 3730.96 3733.02 3735.8 3739.31 3743.57 3748.61 3754.46 3761.13 3768.67 3777.09 3786.43
65 4116.21 4096.83 4078.18 4060.45 4043.61 4027.61 4012.44 3998.07 3984.48 3971.63 3959.51 3948.11 3937.39 3927.35 3918.06 3909.32 3901.22 3893.75 3886.89 3880.64 3875.0 3869.97 3865.53 3861.7 3858.47 3855.86 3853.85 3852.46 3851.71 3851.58 3852.11 3853.3 3855.16 3857.72 3861.0 3865.01 3869.77 3875.32 3881.67 3888.84 3896.88 3905.81
65 4092.81 4073.6 4055.09 4037.45 4020.66 4004.68 3989.5 3975.09 3961.44 3948.51 3936.3 3924.79 3913.96 3903.8 3894.4 3885.53 3877.31 3869.71 3862.74 3856.38 3850.64 3845.52 3841.0 3837.1 3833.81 3831.14 3829.1 3827.69 3826.92 3826.79 3827.32 3828.53 3830.42 3833.01 3836.33 3840.38 3845.18 3850.77 3857.16 3864.37 3872.44 3881.38
66 4223.23 4203.76 4184.97 4167.04 4149.95 4133.67 4118.19 4103.49 4089.55 4076.35 4063.88 4052.12 4041.06 4030.69 4021.08 4012.04 4003.66 3995.92 3988.81 3982.35 3976.51 3971.29 3966.69 3962.71 3959.35 3956.6 3954.47 3952.96 3952.08 3951.81 3952.18 3953.18 3954.83 3957.13 3960.1 3963.74 3968.06 3973.08 3978.81 3985.27 3992.46 4000.42
66 4199.46 4179.81 4160.87 4142.84 4125.67 4109.34 4093.83 4079.12 4065.18 4051.99 4039.53 4027.79 4016.74 4006.38 3996.79 3987.74 3979.35 3971.59 3964.46 3957.96 3952.07 3946.8 3942.14 3938.09 3934.65 3931.82 3929.61 3928.03 3927.08 3926.75 3927.06 3928.04 3929.67 3931.99 3935.01 3938.74 3943.19 3948.39 3954.37 3961.13 3968.71 3977.12