Orders fit with Mirek Brandt's and Tim Brandt's echelle_orders.py for iord=0,66, ifib=0,1, 20. Fit on 2018-10-24 on file tlvnrs04-fa18-20181023-0022-w00.fits.fz
nfib 2 0 1
iord 41.0 138.0 236.0 334.0 432.0 530.0 628.0 726.0 824.0 922.0 1020.0 1118.0 1216.0 1314.0 1411.0 1509.0 1607.0 1705.0 1803.0 1901.0 1999.0 2097.0 2195.0 2293.0 2391.0 2489.0 2587.0 2685.0 2782.0 2880.0 2978.0 3076.0 3174.0 3272.0 3370.0 3468.0 3566.0 3664.0 3762.0 3860.0 3958.0 4056.0
0 209.85 197.29 185.23 173.8 163.01 152.86 143.33 134.43 126.16 118.51 111.48 105.08 99.3 94.13 89.62 85.69 82.36 79.66 77.56 76.08 75.22 74.97 75.33 76.31 77.9 80.1 82.92 86.36 90.36 95.03 100.31 106.21 112.73 119.87 127.64 136.03 145.05 154.7 164.98 175.9 187.45 199.63
0 192.83 180.26 168.21 156.78 146.0 135.84 126.31 117.41 109.14 101.49 94.46 88.05 82.27 77.1 72.59 68.65 65.33 62.62 60.53 59.05 58.18 57.93 58.3 59.28 60.87 63.08 65.9 69.34 73.36 78.02 83.31 89.22 95.75 102.9 110.68 119.08 128.11 137.77 148.06 158.99 170.55 182.75
1 243.54 230.96 218.89 207.45 196.65 186.48 176.93 168.02 159.73 152.06 145.02 138.59 132.79 127.6 123.07 119.11 115.77 113.04 110.92 109.42 108.53 108.26 108.59 109.55 111.11 113.29 116.08 119.49 123.48 128.11 133.37 139.24 145.73 152.85 160.59 168.95 177.94 187.56 197.82 208.7 220.22 232.38
1 226.6 213.97 201.86 190.39 179.56 169.37 159.81 150.89 142.6 134.93 127.9 121.48 115.69 110.51 106.0 102.05 98.72 96.0 93.9 92.41 91.53 91.26 91.61 92.56 94.13 96.32 99.11 102.52 106.5 111.13 116.38 122.25 128.74 135.86 143.59 151.96 160.95 170.57 180.83 191.72 203.26 215.44
2 277.61 265.01 252.92 241.46 230.63 220.43 210.86 201.91 193.59 185.89 178.82 172.36 166.53 161.31 156.75 152.77 149.39 146.64 144.5 142.98 142.07 141.77 142.09 143.03 144.57 146.74 149.52 152.91 156.88 161.5 166.74 172.6 179.07 186.17 193.88 202.22 211.18 220.76 230.98 241.81 253.28 265.38
2 260.54 247.92 235.81 224.33 213.49 203.29 193.71 184.76 176.44 168.74 161.67 155.22 149.39 144.18 139.63 135.65 132.28 129.54 127.41 125.89 124.99 124.7 125.02 125.96 127.52 129.69 132.47 135.87 139.84 144.46 149.71 155.57 162.04 169.14 176.87 185.21 194.18 203.77 214.0 224.85 236.33 248.45
3 312.03 299.41 287.29 275.81 264.96 254.73 245.13 236.16 227.81 220.09 212.98 206.5 200.64 195.39 190.81 186.8 183.4 180.62 178.46 176.91 175.97 175.65 175.95 176.86 178.39 180.53 183.28 186.66 190.6 195.2 200.42 206.25 212.7 219.77 227.47 235.78 244.72 254.28 264.47 275.28 286.72 298.79
3 294.94 282.29 270.16 258.66 247.8 237.57 227.98 219.01 210.67 202.96 195.87 189.4 183.55 178.32 173.75 169.74 166.36 163.58 161.43 159.88 158.95 158.63 158.93 159.83 161.35 163.49 166.24 169.6 173.54 178.13 183.33 189.16 195.6 202.67 210.36 218.68 227.62 237.19 247.4 258.23 269.71 281.82
4 346.83 334.19 322.05 310.55 299.67 289.43 279.81 270.82 262.45 254.71 247.58 241.08 235.2 229.93 225.33 221.29 217.87 215.07 212.88 211.3 210.34 209.99 210.26 211.14 212.64 214.75 217.48 220.82 224.73 229.3 234.48 240.28 246.7 253.75 261.41 269.69 278.6 288.13 298.29 309.08 320.49 332.54
4 329.69 317.02 304.86 293.34 282.45 272.2 262.58 253.59 245.22 237.48 230.37 223.88 218.0 212.75 208.16 204.13 200.72 197.93 195.75 194.18 193.22 192.88 193.15 194.04 195.53 197.64 200.37 203.7 207.61 212.18 217.36 223.16 229.57 236.61 244.28 252.56 261.48 271.02 281.19 292.0 303.45 315.53
5 382.08 369.42 357.26 345.73 334.83 324.56 314.91 305.89 297.5 289.72 282.57 276.04 270.12 264.83 260.2 256.13 252.68 249.85 247.63 246.03 245.04 244.67 244.91 245.77 247.24 249.32 252.02 255.34 259.23 263.77 268.93 274.7 281.09 288.11 295.74 304.0 312.87 322.37 332.5 343.25 354.62 366.63
5 364.86 352.18 340.01 328.47 317.56 307.29 297.64 288.62 280.23 272.46 265.32 258.79 252.89 247.6 242.98 238.93 235.49 232.66 230.45 228.86 227.88 227.51 227.76 228.62 230.09 232.18 234.88 238.2 242.08 246.62 251.78 257.56 263.95 270.96 278.59 286.84 295.72 305.22 315.34 326.1 337.48 349.5
6 417.78 405.09 392.89 381.33 370.41 360.11 350.44 341.39 332.97 325.18 318.0 311.45 305.51 300.2 295.54 291.45 287.98 285.12 282.88 281.25 280.24 279.83 280.05 280.87 282.31 284.37 287.04 290.32 294.17 298.68 303.81 309.55 315.91 322.89 330.49 338.71 347.56 357.03 367.12 377.85 389.2 401.19
6 400.55 387.83 375.62 364.05 353.11 342.81 333.13 324.09 315.67 307.87 300.7 294.15 288.22 282.91 278.26 274.18 270.71 267.86 265.62 264.0 262.98 262.58 262.8 263.63 265.07 267.12 269.79 273.07 276.93 281.43 286.56 292.3 298.67 305.65 313.25 321.48 330.34 339.82 349.94 360.68 372.06 384.08
7 453.98 441.25 429.03 417.44 406.48 396.16 386.46 377.38 368.93 361.11 353.9 347.32 341.35 336.01 331.32 327.21 323.71 320.82 318.55 316.89 315.85 315.42 315.6 316.4 317.81 319.84 322.48 325.73 329.56 334.04 339.13 344.84 351.17 358.12 365.69 373.88 382.69 392.13 402.19 412.88 424.19 436.14
7 436.68 423.94 411.71 400.11 389.15 378.81 369.11 360.04 351.59 343.76 336.56 329.98 324.02 318.68 314.0 309.88 306.39 303.51 301.24 299.59 298.55 298.12 298.31 299.11 300.53 302.56 305.2 308.46 312.29 316.77 321.87 327.58 333.92 340.87 348.45 356.64 365.46 374.91 384.98 395.68 407.01 418.98
8 490.67 477.92 465.66 454.04 443.06 432.7 422.97 413.87 405.39 397.54 390.3 383.69 377.7 372.32 367.61 363.47 359.93 357.02 354.72 353.03 351.96 351.5 351.65 352.42 353.8 355.79 358.4 361.63 365.42 369.87 374.93 380.61 386.91 393.82 401.36 409.51 418.29 427.7 437.73 448.38 459.66 471.58
8 473.34 460.57 448.29 436.66 425.67 415.3 405.57 396.47 387.99 380.14 372.91 366.3 360.32 354.95 350.24 346.1 342.58 339.67 337.38 335.69 334.63 334.17 334.33 335.1 336.48 338.47 341.08 344.31 348.1 352.55 357.61 363.29 369.59 376.51 384.05 392.21 401.0 410.41 420.45 431.13 442.43 454.37
9 527.9 515.1 502.81 491.15 480.13 469.74 459.98 450.85 442.35 434.47 427.21 420.57 414.55 409.15 404.42 400.24 396.69 393.74 391.41 389.7 388.59 388.1 388.22 388.96 390.3 392.26 394.83 398.02 401.78 406.19 411.21 416.85 423.11 429.99 437.49 445.61 454.36 463.73 473.73 484.36 495.62 507.51
9 510.49 497.69 485.39 473.73 462.7 452.31 442.54 433.41 424.9 417.02 409.76 403.12 397.1 391.7 386.96 382.79 379.23 376.29 373.96 372.24 371.14 370.65 370.78 371.51 372.86 374.83 377.4 380.59 384.36 388.77 393.8 399.45 405.72 412.61 420.12 428.25 437.01 446.4 456.41 467.05 478.33 490.24
10 565.68 552.84 540.52 528.83 517.77 507.35 497.56 488.39 479.86 471.94 464.65 457.98 451.93 446.5 441.73 437.53 433.94 430.96 428.6 426.86 425.72 425.2 425.29 425.99 427.31 429.24 431.78 434.93 438.66 443.03 448.02 453.63 459.85 466.69 474.15 482.24 490.94 500.27 510.23 520.81 532.02 543.87
10 548.17 535.34 523.01 511.32 500.26 489.84 480.04 470.87 462.33 454.42 447.12 440.45 434.4 428.97 424.2 419.99 416.4 413.43 411.07 409.33 408.2 407.68 407.77 408.48 409.8 411.73 414.28 417.44 421.18 425.56 430.57 436.18 442.42 449.27 456.75 464.85 473.57 482.91 492.88 503.48 514.71 526.58
11 604.03 591.15 578.78 567.05 555.96 545.5 535.67 526.48 517.91 509.97 502.65 495.95 489.87 484.41 479.62 475.38 471.77 468.76 466.37 464.59 463.42 462.87 462.92 463.59 464.87 466.76 469.26 472.37 476.06 480.4 485.35 490.91 497.1 503.9 511.33 519.37 528.04 537.34 547.27 557.83 569.02 580.85
11 586.5 573.62 561.24 549.5 538.4 527.94 518.11 508.92 500.34 492.4 485.08 478.38 472.3 466.84 462.05 457.82 454.2 451.2 448.81 447.03 445.87 445.32 445.38 446.05 447.33 449.23 451.73 454.85 458.55 462.89 467.85 473.42 479.62 486.43 493.87 501.92 510.61 519.91 529.85 540.42 551.63 563.47
12 642.97 630.05 617.63 605.86 594.73 584.24 574.38 565.15 556.55 548.57 541.22 534.49 528.39 522.9 518.07 513.81 510.16 507.12 504.7 502.88 501.68 501.09 501.11 501.74 502.99 504.84 507.3 510.38 514.03 518.33 523.24 528.77 534.92 541.68 549.07 557.08 565.72 574.98 584.88 595.4 606.57 618.37
12 625.38 612.46 600.04 588.27 577.13 566.64 556.77 547.54 538.93 530.95 523.6 516.86 510.75 505.26 500.42 496.16 492.51 489.47 487.04 485.23 484.03 483.44 483.47 484.1 485.35 487.21 489.68 492.76 496.42 500.73 505.65 511.19 517.35 524.13 531.54 539.56 548.22 557.5 567.42 577.96 589.15 600.97
13 682.54 669.56 657.1 645.29 634.11 623.58 613.68 604.42 595.78 587.78 580.39 573.64 567.5 561.98 557.12 552.82 549.14 546.07 543.62 541.77 540.54 539.91 539.89 540.49 541.69 543.5 545.93 548.97 552.57 556.83 561.7 567.19 573.29 580.02 587.36 595.34 603.94 613.16 623.02 633.52 644.66 656.43
13 664.88 651.9 639.44 627.63 616.45 605.92 596.02 586.75 578.11 570.1 562.72 555.95 549.81 544.29 539.43 535.13 531.44 528.37 525.92 524.07 522.83 522.21 522.2 522.79 524.0 525.82 528.25 531.29 534.91 539.18 544.06 549.56 555.67 562.41 569.78 577.76 586.38 595.63 605.51 616.02 627.18 638.98
14 722.73 709.7 697.19 685.33 674.11 663.54 653.6 644.3 635.64 627.6 620.18 613.39 607.22 601.67 596.78 592.46 588.74 585.64 583.15 581.27 580.0 579.33 579.28 579.83 581.0 582.77 585.15 588.15 591.71 595.92 600.75 606.19 612.26 618.94 626.24 634.18 642.74 651.93 661.75 672.22 683.32 695.08
14 705.01 691.98 679.47 667.61 656.4 645.82 635.88 626.58 617.9 609.86 602.44 595.64 589.46 583.91 579.01 574.68 570.97 567.86 565.37 563.49 562.22 561.55 561.5 562.06 563.23 565.01 567.4 570.4 573.98 578.2 583.04 588.5 594.58 601.27 608.59 616.54 625.12 634.33 644.17 654.65 665.78 677.54
15 763.59 750.5 737.94 726.03 714.76 704.15 694.17 684.83 676.13 668.05 660.6 653.78 647.57 641.99 637.07 632.71 628.96 625.82 623.3 621.38 620.07 619.37 619.28 619.79 620.91 622.65 624.99 627.94 631.46 635.63 640.41 645.81 651.83 658.47 665.73 673.63 682.15 691.3 701.09 711.52 722.6 734.32
15 745.77 732.69 720.13 708.22 696.97 686.35 676.37 667.03 658.33 650.25 642.79 635.97 629.76 624.17 619.24 614.88 611.13 607.99 605.47 603.55 602.24 601.54 601.45 601.97 603.1 604.84 607.19 610.14 613.68 617.86 622.65 628.06 634.1 640.75 648.03 655.93 664.47 673.64 683.44 693.89 704.98 716.72
16 805.07 791.94 779.33 767.37 756.07 745.41 735.4 726.02 717.28 709.17 701.68 694.82 688.58 682.96 678.0 673.6 669.81 666.64 664.07 662.12 660.77 660.03 659.89 660.37 661.45 663.14 665.43 668.34 671.82 675.95 680.69 686.05 692.03 698.63 705.85 713.7 722.19 731.3 741.06 751.46 762.51 774.21
16 787.24 774.11 761.5 749.54 738.23 727.57 717.55 708.17 699.42 691.3 683.81 676.94 670.7 665.07 660.11 655.71 651.92 648.74 646.18 644.22 642.88 642.14 642.01 642.48 643.57 645.27 647.57 650.49 653.98 658.11 662.87 668.24 674.23 680.84 688.08 695.95 704.45 713.58 723.36 733.78 744.85 756.57
17 847.28 834.09 821.42 809.41 798.06 787.36 777.3 767.88 759.1 750.94 743.42 736.52 730.24 724.58 719.59 715.15 711.33 708.12 705.52 703.52 702.13 701.35 701.17 701.6 702.64 704.29 706.54 709.4 712.84 716.92 721.62 726.93 732.86 739.42 746.6 754.41 762.86 771.94 781.66 792.03 803.06 814.73
17 829.38 816.2 803.53 791.52 780.17 769.46 759.4 749.97 741.18 733.03 725.5 718.59 712.31 706.64 701.65 697.21 693.38 690.17 687.56 685.57 684.18 683.4 683.23 683.66 684.71 686.36 688.62 691.49 694.94 699.03 703.74 709.07 715.01 721.58 728.78 736.61 745.07 754.16 763.9 774.29 785.32 797.01
18 890.17 876.93 864.22 852.16 840.76 830.01 819.91 810.44 801.62 793.42 785.85 778.91 772.59 766.89 761.85 757.38 753.51 750.26 747.61 745.57 744.14 743.32 743.1 743.49 744.49 746.09 748.3 751.13 754.52 758.56 763.21 768.48 774.38 780.89 788.03 795.8 804.2 813.24 822.92 833.25 844.23 855.87
18 872.21 858.97 846.25 834.19 822.79 812.04 801.93 792.46 783.63 775.44 767.87 760.92 754.6 748.89 743.86 739.38 735.51 732.26 729.61 727.58 726.15 725.33 725.11 725.51 726.51 728.12 730.34 733.17 736.57 740.62 745.28 750.56 756.46 762.99 770.14 777.93 786.34 795.4 805.1 815.44 826.44 838.1
19 933.76 920.48 907.72 895.62 884.18 873.39 863.24 853.73 844.86 836.61 829.0 822.01 815.65 809.9 804.82 800.3 796.39 793.09 790.4 788.32 786.84 785.98 785.71 786.06 787.01 788.58 790.75 793.52 796.88 800.87 805.49 810.72 816.56 823.04 830.13 837.86 846.22 855.21 864.85 875.14 886.07 897.66
19 915.74 902.45 889.69 877.58 866.13 855.34 845.18 835.67 826.8 818.55 810.94 803.95 797.58 791.83 786.75 782.23 778.32 775.02 772.33 770.25 768.78 767.92 767.66 768.01 768.97 770.53 772.71 775.49 778.85 782.86 787.48 792.72 798.58 805.06 812.17 819.91 828.29 837.3 846.96 857.27 868.23 879.84
20 978.12 964.78 951.97 939.82 928.33 917.49 907.29 897.74 888.82 880.53 872.87 865.84 859.43 853.63 848.51 843.94 839.99 836.64 833.91 831.78 830.26 829.35 829.05 829.35 830.26 831.77 833.9 836.63 839.94 843.89 848.46 853.64 859.45 865.88 872.93 880.62 888.93 897.89 907.49 917.73 928.63 940.18
20 960.01 946.68 933.87 921.73 910.24 899.39 889.19 879.63 870.71 862.42 854.76 847.72 841.31 835.51 830.38 825.81 821.85 818.51 815.77 813.65 812.13 811.22 810.92 811.22 812.14 813.66 815.79 818.54 821.85 825.82 830.4 835.59 841.41 847.85 854.92 862.62 870.95 879.92 889.54 899.8 910.71 922.28
21 1023.22 1009.84 996.98 984.78 973.24 962.35 952.1 942.5 933.53 925.19 917.49 910.41 903.95 898.11 892.94 888.32 884.32 880.93 878.15 875.98 874.41 873.45 873.1 873.36 874.22 875.69 877.77 880.46 883.72 887.63 892.15 897.29 903.05 909.43 916.44 924.08 932.36 941.27 950.83 961.03 971.88 983.4
21 1005.05 991.67 978.81 966.61 955.07 944.18 933.93 924.33 915.36 907.02 899.31 892.22 885.76 879.92 874.75 870.13 866.13 862.74 859.96 857.78 856.22 855.26 854.92 855.17 856.04 857.52 859.6 862.3 865.57 869.49 874.02 879.17 884.95 891.34 898.37 906.02 914.32 923.25 932.82 943.04 953.91 965.44
22 1069.1 1055.67 1042.76 1030.51 1018.92 1007.98 997.68 988.02 979.01 970.62 962.86 955.73 949.22 943.34 938.11 933.45 929.4 925.96 923.13 920.91 919.3 918.29 917.89 918.1 918.92 920.34 922.38 925.02 928.24 932.1 936.58 941.67 947.39 953.73 960.69 968.29 976.52 985.39 994.9 1005.06 1015.87 1027.33
22 1050.91 1037.46 1024.54 1012.28 1000.68 989.73 979.42 969.76 960.74 952.35 944.59 937.46 930.95 925.06 919.84 915.17 911.12 907.69 904.86 902.64 901.04 900.03 899.64 899.86 900.68 902.11 904.15 906.8 910.03 913.9 918.39 923.5 929.22 935.58 942.55 950.16 958.41 967.29 976.82 987.0 997.83 1009.31
23 1115.78 1102.29 1089.33 1077.04 1065.39 1054.4 1044.05 1034.34 1025.27 1016.84 1009.03 1001.85 995.29 989.35 984.07 979.36 975.26 971.77 968.89 966.62 964.96 963.9 963.46 963.62 964.38 965.76 967.75 970.34 973.51 977.33 981.76 986.81 992.48 998.77 1005.69 1013.24 1021.42 1030.24 1039.71 1049.82 1060.58 1071.99
23 1097.47 1083.98 1071.02 1058.72 1047.07 1036.08 1025.72 1016.01 1006.94 998.5 990.69 983.5 976.94 971.0 965.73 961.01 956.91 953.43 950.55 948.28 946.62 945.57 945.13 945.29 946.07 947.45 949.44 952.05 955.23 959.05 963.49 968.55 974.23 980.53 987.47 995.03 1003.22 1012.06 1021.53 1031.65 1042.43 1053.85
24 1163.27 1149.73 1136.72 1124.37 1112.67 1101.63 1091.23 1081.47 1072.34 1063.85 1055.99 1048.76 1042.14 1036.15 1030.83 1026.06 1021.91 1018.37 1015.44 1013.12 1011.4 1010.3 1009.8 1009.91 1010.63 1011.96 1013.89 1016.44 1019.56 1023.33 1027.71 1032.71 1038.33 1044.58 1051.45 1058.95 1067.09 1075.86 1085.28 1095.34 1106.06 1117.43
24 1144.89 1131.35 1118.33 1105.98 1094.28 1083.23 1072.82 1063.06 1053.94 1045.44 1037.58 1030.35 1023.73 1017.74 1012.42 1007.65 1003.5 999.96 997.03 994.71 993.01 991.9 991.41 991.53 992.25 993.58 995.53 998.08 1001.21 1004.99 1009.38 1014.4 1020.03 1026.29 1033.18 1040.7 1048.85 1057.64 1067.08 1077.17 1087.91 1099.3
25 1211.61 1198.02 1184.95 1172.54 1160.79 1149.68 1139.23 1129.41 1120.24 1111.69 1103.77 1096.49 1089.82 1083.77 1078.4 1073.58 1069.37 1065.78 1062.79 1060.42 1058.65 1057.5 1056.95 1057.01 1057.67 1058.95 1060.83 1063.33 1066.4 1070.12 1074.46 1079.41 1084.98 1091.18 1098.0 1105.46 1113.55 1122.28 1131.65 1141.67 1152.34 1163.67
25 1193.2 1179.6 1166.51 1154.1 1142.33 1131.22 1120.76 1110.94 1101.75 1093.2 1085.28 1077.99 1071.32 1065.28 1059.9 1055.08 1050.88 1047.28 1044.3 1041.93 1040.17 1039.02 1038.48 1038.54 1039.22 1040.5 1042.39 1044.9 1047.98 1051.71 1056.05 1061.02 1066.6 1072.81 1079.65 1087.12 1095.23 1103.97 1113.36 1123.39 1134.08 1145.43
26 1260.8 1247.15 1234.02 1221.56 1209.75 1198.59 1188.08 1178.21 1168.97 1160.37 1152.4 1145.06 1138.33 1132.23 1126.8 1121.93 1117.67 1114.02 1110.98 1108.55 1106.73 1105.52 1104.92 1104.93 1105.54 1106.76 1108.6 1111.04 1114.07 1117.73 1122.02 1126.92 1132.44 1138.59 1145.36 1152.77 1160.81 1169.49 1178.81 1188.78 1199.4 1210.68
26 1242.31 1228.65 1215.51 1203.03 1191.22 1180.05 1169.53 1159.65 1150.41 1141.81 1133.83 1126.49 1119.76 1113.66 1108.23 1103.36 1099.1 1095.46 1092.42 1090.0 1088.18 1086.98 1086.38 1086.4 1087.02 1088.25 1090.09 1092.55 1095.58 1099.25 1103.55 1108.46 1113.99 1120.15 1126.94 1134.36 1142.41 1151.1 1160.43 1170.42 1181.05 1192.35
27 1310.86 1297.16 1283.97 1271.45 1259.58 1248.36 1237.79 1227.86 1218.57 1209.91 1201.89 1194.48 1187.7 1181.54 1176.06 1171.13 1166.81 1163.11 1160.01 1157.53 1155.66 1154.39 1153.73 1153.68 1154.24 1155.41 1157.19 1159.59 1162.56 1166.17 1170.4 1175.25 1180.72 1186.81 1193.53 1200.89 1208.88 1217.5 1226.77 1236.69 1247.26 1258.49
27 1292.31 1278.59 1265.39 1252.86 1240.98 1229.75 1219.17 1209.23 1199.94 1191.27 1183.24 1175.84 1169.05 1162.9 1157.41 1152.48 1148.16 1144.46 1141.37 1138.89 1137.02 1135.76 1135.11 1135.07 1135.64 1136.82 1138.61 1141.01 1143.99 1147.61 1151.85 1156.71 1162.2 1168.31 1175.04 1182.41 1190.42 1199.06 1208.35 1218.29 1228.88 1240.13
28 1361.81 1348.05 1334.81 1322.23 1310.31 1299.03 1288.4 1278.41 1269.06 1260.34 1252.26 1244.79 1237.95 1231.74 1226.19 1221.2 1216.82 1213.06 1209.91 1207.37 1205.44 1204.11 1203.4 1203.3 1203.8 1204.92 1206.64 1208.98 1211.9 1215.46 1219.63 1224.43 1229.85 1235.89 1242.56 1249.86 1257.8 1266.37 1275.59 1285.45 1295.97 1307.14
28 1343.15 1329.37 1316.11 1303.52 1291.58 1280.3 1269.66 1259.67 1250.31 1241.59 1233.51 1226.05 1219.21 1212.99 1207.45 1202.47 1198.1 1194.34 1191.19 1188.66 1186.73 1185.42 1184.71 1184.61 1185.12 1186.25 1187.98 1190.32 1193.25 1196.82 1201.0 1205.81 1211.23 1217.29 1223.97 1231.28 1239.23 1247.82 1257.06 1266.94 1277.48 1288.68
29 1413.68 1399.86 1386.56 1373.92 1361.93 1350.6 1339.9 1329.85 1320.44 1311.66 1303.51 1295.99 1289.09 1282.81 1277.2 1272.15 1267.72 1263.9 1260.69 1258.09 1256.1 1254.72 1253.94 1253.78 1254.23 1255.29 1256.96 1259.24 1262.1 1265.61 1269.73 1274.47 1279.83 1285.82 1292.44 1299.69 1307.57 1316.09 1325.25 1335.06 1345.52 1356.64
29 1394.96 1381.13 1367.81 1355.16 1343.16 1331.82 1321.12 1311.06 1301.64 1292.86 1284.71 1277.18 1270.28 1264.0 1258.4 1253.35 1248.91 1245.09 1241.89 1239.29 1237.3 1235.93 1235.16 1235.01 1235.46 1236.52 1238.2 1240.49 1243.36 1246.88 1251.01 1255.76 1261.14 1267.14 1273.77 1281.03 1288.93 1297.47 1306.65 1316.48 1326.97 1338.11
30 1466.56 1452.66 1439.27 1426.55 1414.49 1403.08 1392.32 1382.21 1372.73 1363.88 1355.67 1348.09 1341.13 1334.79 1329.13 1324.02 1319.52 1315.64 1312.37 1309.71 1307.66 1306.22 1305.39 1305.17 1305.55 1306.55 1308.16 1310.38 1313.18 1316.62 1320.68 1325.36 1330.67 1336.6 1343.16 1350.35 1358.19 1366.66 1375.78 1385.55 1395.97 1407.06
30 1447.71 1433.8 1420.41 1407.68 1395.61 1384.2 1373.43 1363.31 1353.83 1344.99 1336.77 1329.18 1322.22 1315.89 1310.22 1305.12 1300.62 1296.75 1293.48 1290.83 1288.78 1287.35 1286.53 1286.32 1286.71 1287.72 1289.34 1291.57 1294.38 1297.84 1301.92 1306.61 1311.93 1317.87 1324.45 1331.65 1339.5 1347.98 1357.11 1366.89 1377.33 1388.42
31 1520.42 1506.43 1492.97 1480.17 1468.03 1456.55 1445.72 1435.53 1425.98 1417.07 1408.79 1401.14 1394.11 1387.71 1381.98 1376.81 1372.26 1368.31 1364.98 1362.26 1360.15 1358.65 1357.76 1357.47 1357.8 1358.74 1360.29 1362.45 1365.19 1368.58 1372.58 1377.21 1382.46 1388.34 1394.84 1401.99 1409.77 1418.19 1427.26 1436.99 1447.37 1458.41
31 1501.48 1487.49 1474.01 1461.21 1449.07 1437.58 1426.74 1416.55 1407.0 1398.08 1389.8 1382.15 1375.13 1368.73 1363.0 1357.83 1353.28 1349.34 1346.01 1343.29 1341.19 1339.69 1338.81 1338.53 1338.87 1339.82 1341.37 1343.55 1346.3 1349.7 1353.72 1358.35 1363.62 1369.51 1376.03 1383.18 1390.98 1399.41 1408.5 1418.24 1428.63 1439.69
32 1575.21 1561.14 1547.59 1534.72 1522.5 1510.95 1500.04 1489.78 1480.17 1471.19 1462.84 1455.13 1448.04 1441.57 1435.78 1430.55 1425.93 1421.92 1418.53 1415.74 1413.57 1412.0 1411.05 1410.7 1410.96 1411.84 1413.32 1415.42 1418.1 1421.42 1425.36 1429.93 1435.11 1440.93 1447.37 1454.46 1462.18 1470.54 1479.56 1489.23 1499.56 1510.56
32 1556.15 1542.08 1528.54 1515.67 1503.45 1491.9 1480.99 1470.73 1461.11 1452.13 1443.78 1436.06 1428.97 1422.5 1416.71 1411.47 1406.86 1402.85 1399.46 1396.68 1394.51 1392.95 1392.01 1391.67 1391.94 1392.83 1394.32 1396.43 1399.13 1402.47 1406.42 1411.0 1416.21 1422.04 1428.5 1435.6 1443.33 1451.71 1460.74 1470.42 1480.76 1491.77
33 1630.89 1616.76 1603.16 1590.23 1577.95 1566.34 1555.37 1545.04 1535.36 1526.32 1517.9 1510.12 1502.96 1496.42 1490.57 1485.26 1480.57 1476.5 1473.04 1470.19 1467.95 1466.32 1465.3 1464.88 1465.08 1465.89 1467.32 1469.35 1471.97 1475.23 1479.11 1483.61 1488.74 1494.49 1500.88 1507.9 1515.55 1523.85 1532.8 1542.4 1552.66 1563.58
33 1611.86 1597.71 1584.09 1571.14 1558.85 1547.21 1536.23 1525.9 1516.21 1507.16 1498.74 1490.95 1483.79 1477.25 1471.4 1466.09 1461.41 1457.34 1453.88 1451.04 1448.8 1447.18 1446.17 1445.77 1445.98 1446.8 1448.23 1450.28 1452.92 1456.19 1460.09 1464.6 1469.75 1475.52 1481.92 1488.96 1496.64 1504.97 1513.94 1523.57 1533.86 1544.81
34 1687.74 1673.53 1659.85 1646.83 1634.48 1622.78 1611.73 1601.33 1591.57 1582.45 1573.96 1566.1 1558.87 1552.27 1546.34 1540.96 1536.21 1532.06 1528.53 1525.62 1523.31 1521.61 1520.53 1520.05 1520.19 1520.94 1522.29 1524.27 1526.83 1530.03 1533.85 1538.29 1543.35 1549.05 1555.37 1562.33 1569.93 1578.17 1587.06 1596.61 1606.81 1617.68
34 1668.5 1654.29 1640.6 1627.58 1615.22 1603.52 1592.47 1582.07 1572.31 1563.18 1554.69 1546.84 1539.6 1533.0 1527.07 1521.7 1516.94 1512.8 1509.28 1506.37 1504.07 1502.38 1501.3 1500.83 1500.98 1501.74 1503.11 1505.09 1507.66 1510.88 1514.71 1519.16 1524.25 1529.95 1536.3 1543.27 1550.89 1559.15 1568.06 1577.62 1587.84 1598.72
35 1745.59 1731.29 1717.52 1704.42 1691.98 1680.2 1669.08 1658.6 1648.77 1639.57 1631.01 1623.09 1615.78 1609.11 1603.11 1597.67 1592.84 1588.63 1585.03 1582.05 1579.67 1577.91 1576.75 1576.21 1576.28 1576.96 1578.25 1580.15 1582.64 1585.77 1589.52 1593.9 1598.9 1604.52 1610.79 1617.68 1625.22 1633.4 1642.24 1651.72 1661.87 1672.69
35 1726.26 1711.97 1698.2 1685.1 1672.66 1660.89 1649.76 1639.28 1629.44 1620.25 1611.68 1603.75 1596.45 1589.77 1583.77 1578.33 1573.5 1569.29 1565.7 1562.71 1560.34 1558.59 1557.44 1556.91 1556.98 1557.67 1558.98 1560.9 1563.4 1566.55 1570.32 1574.71 1579.72 1585.37 1591.65 1598.56 1606.12 1614.32 1623.17 1632.67 1642.83 1653.66
36 1804.46 1790.1 1776.25 1763.08 1750.57 1738.71 1727.51 1716.96 1707.05 1697.78 1689.15 1681.14 1673.76 1667.01 1660.94 1655.42 1650.52 1646.24 1642.57 1639.51 1637.06 1635.23 1634.01 1633.39 1633.39 1634.0 1635.23 1637.07 1639.49 1642.56 1646.25 1650.55 1655.49 1661.05 1667.25 1674.08 1681.55 1689.66 1698.42 1707.84 1717.92 1728.66
36 1785.03 1770.66 1756.81 1743.64 1731.12 1719.26 1708.06 1697.51 1687.59 1678.32 1669.68 1661.68 1654.3 1647.55 1641.48 1635.96 1631.07 1626.79 1623.12 1620.07 1617.63 1615.8 1614.59 1613.98 1613.99 1614.61 1615.85 1617.7 1620.14 1623.21 1626.91 1631.24 1636.18 1641.76 1647.97 1654.81 1662.3 1670.42 1679.2 1688.63 1698.72 1709.47
37 1864.37 1849.93 1836.02 1822.77 1810.19 1798.26 1786.99 1776.36 1766.38 1757.03 1748.32 1740.24 1732.79 1725.96 1719.82 1714.23 1709.25 1704.9 1701.15 1698.02 1695.5 1693.59 1692.29 1691.61 1691.54 1692.07 1693.22 1694.99 1697.35 1700.34 1703.95 1708.19 1713.06 1718.55 1724.67 1731.43 1738.83 1746.88 1755.57 1764.92 1774.93 1785.6
37 1845.01 1830.54 1816.6 1803.33 1790.72 1778.78 1767.49 1756.85 1746.85 1737.5 1728.78 1720.69 1713.24 1706.41 1700.26 1694.67 1689.7 1685.34 1681.6 1678.48 1675.96 1674.06 1672.78 1672.1 1672.04 1672.59 1673.76 1675.54 1677.91 1680.92 1684.55 1688.81 1693.69 1699.2 1705.35 1712.13 1719.56 1727.63 1736.35 1745.72 1755.76 1766.46
38 1925.45 1910.93 1896.93 1883.6 1870.94 1858.93 1847.57 1836.87 1826.8 1817.38 1808.59 1800.43 1792.9 1786.0 1779.77 1774.11 1769.05 1764.62 1760.8 1757.59 1755.0 1753.02 1751.64 1750.89 1750.74 1751.2 1752.28 1753.98 1756.26 1759.19 1762.73 1766.9 1771.69 1777.11 1783.17 1789.86 1797.19 1805.16 1813.78 1823.06 1833.0 1843.6
38 1906.0 1891.44 1877.41 1864.06 1851.37 1839.34 1827.97 1817.24 1807.17 1797.73 1788.94 1780.77 1773.24 1766.33 1760.11 1754.45 1749.4 1744.97 1741.15 1737.95 1735.37 1733.4 1732.03 1731.29 1731.15 1731.63 1732.72 1734.43 1736.73 1739.67 1743.23 1747.42 1752.23 1757.67 1763.75 1770.46 1777.81 1785.81 1794.47 1803.77 1813.74 1824.38
39 1987.83 1973.19 1959.08 1945.64 1932.87 1920.76 1909.31 1898.51 1888.36 1878.85 1869.97 1861.73 1854.12 1847.13 1840.83 1835.09 1829.96 1825.44 1821.55 1818.26 1815.59 1813.53 1812.09 1811.25 1811.03 1811.42 1812.42 1814.04 1816.25 1819.1 1822.58 1826.67 1831.39 1836.75 1842.74 1849.37 1856.64 1864.55 1873.13 1882.35 1892.25 1902.81
39 1968.11 1953.47 1939.37 1925.93 1913.16 1901.05 1889.59 1878.79 1868.63 1859.11 1850.23 1841.98 1834.37 1827.38 1821.07 1815.32 1810.19 1805.68 1801.79 1798.51 1795.84 1793.79 1792.36 1791.53 1791.32 1791.72 1792.74 1794.38 1796.61 1799.48 1802.96 1807.08 1811.82 1817.19 1823.2 1829.85 1837.13 1845.06 1853.65 1862.89 1872.79 1883.35
40 2051.13 2036.42 2022.25 2008.74 1995.89 1983.71 1972.18 1961.3 1951.06 1941.46 1932.5 1924.18 1916.48 1909.41 1903.03 1897.2 1891.99 1887.39 1883.41 1880.05 1877.3 1875.16 1873.64 1872.73 1872.43 1872.75 1873.68 1875.22 1877.36 1880.14 1883.53 1887.55 1892.2 1897.48 1903.39 1909.93 1917.12 1924.95 1933.42 1942.56 1952.35 1962.8
40 2031.43 2016.7 2002.49 1988.96 1976.1 1963.9 1952.35 1941.46 1931.21 1921.61 1912.64 1904.31 1896.61 1889.54 1883.16 1877.33 1872.12 1867.53 1863.55 1860.19 1857.45 1855.32 1853.8 1852.9 1852.61 1852.94 1853.88 1855.44 1857.59 1860.38 1863.8 1867.84 1872.51 1877.81 1883.74 1890.32 1897.53 1905.39 1913.91 1923.08 1932.92 1943.42
41 2115.67 2100.89 2086.62 2073.03 2060.1 2047.83 2036.21 2025.25 2014.92 2005.24 1996.2 1987.79 1980.0 1972.85 1966.38 1960.47 1955.17 1950.49 1946.43 1942.98 1940.15 1937.93 1936.32 1935.33 1934.95 1935.19 1936.04 1937.51 1939.57 1942.27 1945.59 1949.54 1954.11 1959.31 1965.15 1971.63 1978.74 1986.5 1994.92 2003.98 2013.71 2024.11
41 2095.92 2081.1 2066.8 2053.18 2040.23 2027.93 2016.3 2005.32 1994.98 1985.29 1976.24 1967.82 1960.03 1952.87 1946.4 1940.49 1935.19 1930.52 1926.46 1923.02 1920.19 1917.98 1916.38 1915.4 1915.03 1915.28 1916.14 1917.62 1919.7 1922.41 1925.75 1929.72 1934.31 1939.53 1945.39 1951.88 1959.02 1966.81 1975.24 1984.34 1994.09 2004.52
42 2181.63 2166.73 2152.35 2138.64 2125.6 2113.22 2101.5 2090.43 2080.01 2070.23 2061.09 2052.59 2044.71 2037.46 2030.91 2024.9 2019.52 2014.76 2010.61 2007.08 2004.16 2001.86 2000.18 1999.1 1998.65 1998.8 1999.58 2000.97 2002.95 2005.57 2008.82 2012.69 2017.19 2022.32 2028.09 2034.49 2041.54 2049.23 2057.58 2066.58 2076.24 2086.57
42 2161.56 2146.66 2132.28 2118.57 2105.52 2093.14 2081.42 2070.35 2059.92 2050.14 2041.0 2032.49 2024.62 2017.37 2010.81 2004.81 1999.43 1994.67 1990.52 1987.0 1984.09 1981.79 1980.11 1979.05 1978.6 1978.77 1979.55 1980.95 1982.95 1985.59 1988.85 1992.74 1997.25 2002.4 2008.18 2014.6 2021.66 2029.36 2037.72 2046.74 2056.41 2066.75
43 2248.72 2233.71 2219.23 2205.42 2192.28 2179.8 2167.98 2156.82 2146.3 2136.43 2127.19 2118.6 2110.63 2103.29 2096.65 2090.55 2085.08 2080.23 2075.99 2072.38 2069.37 2066.98 2065.21 2064.05 2063.51 2063.58 2064.27 2065.57 2067.48 2070.02 2073.18 2076.97 2081.39 2086.45 2092.14 2098.46 2105.44 2113.06 2121.33 2130.27 2139.86 2150.13
43 2228.6 2213.57 2199.08 2185.26 2172.1 2159.62 2147.79 2136.62 2126.1 2116.22 2106.98 2098.38 2090.41 2083.08 2076.43 2070.34 2064.87 2060.02 2055.79 2052.18 2049.18 2046.8 2045.03 2043.88 2043.35 2043.43 2044.13 2045.45 2047.36 2049.92 2053.09 2056.9 2061.33 2066.4 2072.1 2078.44 2085.43 2093.06 2101.35 2110.29 2119.9 2130.18
44 2317.08 2301.96 2287.36 2273.44 2260.19 2247.61 2235.69 2224.43 2213.81 2203.84 2194.52 2185.82 2177.77 2170.34 2163.6 2157.42 2151.86 2146.91 2142.59 2138.88 2135.79 2133.31 2131.45 2130.21 2129.57 2129.56 2130.16 2131.38 2133.19 2135.65 2138.73 2142.43 2146.77 2151.74 2157.34 2163.59 2170.48 2178.03 2186.23 2195.09 2204.61 2214.81
44 2296.83 2281.69 2267.09 2253.16 2239.91 2227.32 2215.39 2204.12 2193.5 2183.53 2174.2 2165.51 2157.45 2150.02 2143.28 2137.1 2131.54 2126.6 2122.28 2118.58 2115.5 2113.03 2111.17 2109.93 2109.31 2109.31 2109.92 2111.15 2112.97 2115.44 2118.53 2122.25 2126.59 2131.57 2137.19 2143.44 2150.34 2157.89 2166.1 2174.96 2184.49 2194.68
45 2386.76 2371.53 2356.83 2342.8 2329.45 2316.76 2304.74 2293.37 2282.65 2272.58 2263.15 2254.36 2246.2 2238.67 2231.84 2225.56 2219.9 2214.87 2210.45 2206.65 2203.47 2200.9 2198.95 2197.61 2196.89 2196.79 2197.31 2198.44 2200.17 2202.55 2205.54 2209.16 2213.42 2218.3 2223.83 2229.99 2236.8 2244.26 2252.38 2261.16 2270.6 2280.71
45 2366.38 2351.14 2336.43 2322.4 2309.04 2296.34 2284.31 2272.94 2262.22 2252.14 2242.71 2233.92 2225.76 2218.23 2211.4 2205.12 2199.46 2194.43 2190.02 2186.22 2183.04 2180.48 2178.54 2177.21 2176.5 2176.41 2176.93 2178.08 2179.82 2182.2 2185.21 2188.85 2193.11 2198.02 2203.56 2209.74 2216.56 2224.04 2232.17 2240.97 2250.43 2260.56
46 2457.68 2442.35 2427.55 2413.42 2399.97 2387.18 2375.05 2363.58 2352.76 2342.59 2333.06 2324.17 2315.91 2308.29 2301.36 2294.98 2289.22 2284.09 2279.58 2275.68 2272.4 2269.74 2267.7 2266.27 2265.45 2265.26 2265.68 2266.73 2268.37 2270.65 2273.56 2277.09 2281.26 2286.06 2291.5 2297.58 2304.3 2311.68 2319.71 2328.4 2337.76 2347.79
46 2437.22 2421.87 2407.05 2392.91 2379.44 2366.64 2354.51 2343.03 2332.21 2322.03 2312.5 2303.61 2295.35 2287.73 2280.8 2274.42 2268.67 2263.54 2259.03 2255.14 2251.87 2249.21 2247.17 2245.75 2244.94 2244.75 2245.18 2246.23 2247.88 2250.17 2253.08 2256.63 2260.8 2265.61 2271.05 2277.14 2283.88 2291.27 2299.31 2308.02 2317.39 2327.44
47 2530.08 2514.62 2499.68 2485.43 2471.85 2458.95 2446.71 2435.13 2424.2 2413.92 2404.29 2395.3 2386.94 2379.21 2372.18 2365.71 2359.86 2354.63 2350.01 2346.02 2342.65 2339.89 2337.75 2336.22 2335.31 2335.02 2335.34 2336.29 2337.84 2340.02 2342.83 2346.27 2350.34 2355.05 2360.4 2366.39 2373.03 2380.32 2388.27 2396.88 2406.17 2416.13
47 2509.48 2494.0 2479.06 2464.8 2451.21 2438.3 2426.05 2414.46 2403.53 2393.25 2383.61 2374.61 2366.25 2358.53 2351.5 2345.03 2339.18 2333.95 2329.34 2325.35 2321.99 2319.23 2317.1 2315.58 2314.68 2314.4 2314.74 2315.69 2317.25 2319.45 2322.27 2325.72 2329.8 2334.51 2339.86 2345.86 2352.5 2359.79 2367.74 2376.35 2385.62 2395.57
48 2603.78 2588.22 2573.17 2558.82 2545.13 2532.12 2519.77 2508.08 2497.05 2486.66 2476.92 2467.81 2459.35 2451.51 2444.38 2437.8 2431.84 2426.5 2421.79 2417.69 2414.22 2411.36 2409.12 2407.49 2406.49 2406.1 2406.33 2407.19 2408.65 2410.74 2413.46 2416.81 2420.8 2425.42 2430.68 2436.58 2443.13 2450.34 2458.2 2466.73 2475.93 2485.8
48 2583.06 2567.49 2552.44 2538.07 2524.38 2511.36 2499.01 2487.31 2476.27 2465.87 2456.13 2447.02 2438.55 2430.71 2423.58 2416.99 2411.03 2405.7 2400.99 2396.9 2393.43 2390.57 2388.34 2386.73 2385.73 2385.35 2385.6 2386.46 2387.93 2390.04 2392.77 2396.14 2400.13 2404.77 2410.04 2415.96 2422.52 2429.73 2437.61 2446.14 2455.34 2465.22
49 2678.94 2663.25 2648.09 2633.61 2619.81 2606.68 2594.22 2582.42 2571.27 2560.77 2550.91 2541.7 2533.12 2525.18 2517.94 2511.25 2505.19 2499.75 2494.93 2490.73 2487.15 2484.19 2481.85 2480.12 2479.02 2478.53 2478.66 2479.42 2480.78 2482.77 2485.39 2488.65 2492.53 2497.06 2502.22 2508.03 2514.48 2521.59 2529.36 2537.79 2546.89 2556.67
49 2658.1 2642.39 2627.21 2612.72 2598.9 2585.76 2573.29 2561.48 2550.33 2539.82 2529.97 2520.75 2512.18 2504.24 2497.0 2490.32 2484.26 2478.82 2474.01 2469.81 2466.24 2463.29 2460.95 2459.23 2458.13 2457.65 2457.79 2458.55 2459.91 2461.92 2464.55 2467.81 2471.7 2476.23 2481.4 2487.21 2493.67 2500.79 2508.57 2517.01 2526.12 2535.9
50 2755.59 2739.78 2724.48 2709.88 2695.95 2682.7 2670.11 2658.19 2646.92 2636.31 2626.34 2617.01 2608.32 2600.27 2592.92 2586.12 2579.94 2574.39 2569.47 2565.16 2561.47 2558.41 2555.96 2554.13 2552.92 2552.33 2552.36 2553.01 2554.28 2556.17 2558.7 2561.86 2565.65 2570.08 2575.15 2580.87 2587.24 2594.27 2601.96 2610.31 2619.34 2629.04
50 2734.6 2718.77 2703.47 2688.86 2674.92 2661.66 2649.07 2637.14 2625.87 2615.25 2605.28 2595.95 2587.26 2579.21 2571.86 2565.06 2558.89 2553.34 2548.42 2544.12 2540.44 2537.38 2534.94 2533.11 2531.91 2531.33 2531.37 2532.03 2533.31 2535.21 2537.75 2540.92 2544.72 2549.16 2554.24 2559.97 2566.35 2573.38 2581.08 2589.44 2598.47 2608.19
51 2833.71 2817.76 2802.33 2787.6 2773.55 2760.17 2747.46 2735.42 2724.03 2713.29 2703.21 2693.76 2684.96 2676.79 2669.33 2662.42 2656.13 2650.47 2645.43 2641.02 2637.22 2634.05 2631.49 2629.55 2628.23 2627.54 2627.46 2628.01 2629.16 2630.95 2633.37 2636.42 2640.11 2644.43 2649.4 2655.02 2661.28 2668.2 2675.79 2684.04 2692.96 2702.56
51 2812.63 2796.66 2781.21 2766.46 2752.4 2739.01 2726.29 2714.24 2702.85 2692.11 2682.02 2672.58 2663.77 2655.61 2648.15 2641.24 2634.96 2629.3 2624.27 2619.85 2616.06 2612.89 2610.34 2608.41 2607.09 2606.4 2606.33 2606.88 2608.04 2609.83 2612.26 2615.31 2619.0 2623.33 2628.31 2633.93 2640.2 2647.13 2654.73 2662.99 2671.93 2681.55
52 2913.4 2897.31 2881.75 2866.87 2852.69 2839.18 2826.34 2814.16 2802.65 2791.79 2781.58 2772.01 2763.09 2754.8 2747.22 2740.19 2733.79 2728.02 2722.86 2718.33 2714.43 2711.14 2708.47 2706.42 2704.99 2704.18 2704.0 2704.43 2705.48 2707.17 2709.48 2712.42 2716.0 2720.22 2725.09 2730.6 2736.77 2743.59 2751.07 2759.23 2768.06 2777.57
52 2892.22 2876.09 2860.5 2845.61 2831.4 2817.87 2805.02 2792.84 2781.32 2770.46 2760.25 2750.68 2741.76 2733.47 2725.9 2718.87 2712.48 2706.71 2701.56 2697.04 2693.14 2689.85 2687.19 2685.15 2683.72 2682.92 2682.74 2683.18 2684.23 2685.91 2688.23 2691.18 2694.76 2698.98 2703.85 2709.36 2715.53 2722.36 2729.85 2738.01 2746.85 2756.38
53 2994.61 2978.37 2962.67 2947.66 2933.34 2919.7 2906.73 2894.43 2882.78 2871.8 2861.47 2851.78 2842.73 2834.32 2826.63 2819.48 2812.96 2807.06 2801.79 2797.15 2793.12 2789.72 2786.93 2784.77 2783.23 2782.31 2782.01 2782.33 2783.27 2784.84 2787.04 2789.88 2793.35 2797.47 2802.23 2807.64 2813.7 2820.42 2827.81 2835.87 2844.61 2854.03
53 2973.21 2956.97 2941.27 2926.25 2911.92 2898.28 2885.3 2873.0 2861.35 2850.36 2840.03 2830.34 2821.29 2812.88 2805.18 2798.03 2791.51 2785.62 2780.35 2775.71 2771.69 2768.29 2765.51 2763.36 2761.82 2760.91 2760.62 2760.95 2761.9 2763.48 2765.7 2768.54 2772.03 2776.15 2780.92 2786.34 2792.41 2799.14 2806.54 2814.6 2823.35 2832.77
54 3077.48 3061.09 3045.23 3030.07 3015.6 3001.82 2988.71 2976.27 2964.49 2953.38 2942.91 2933.1 2923.93 2915.39 2907.57 2900.3 2893.66 2887.65 2882.26 2877.49 2873.35 2869.82 2866.92 2864.64 2862.98 2861.94 2861.52 2861.73 2862.56 2864.01 2866.1 2868.83 2872.19 2876.19 2880.84 2886.15 2892.11 2898.73 2906.03 2913.99 2922.64 2931.98
54 3055.99 3039.6 3023.74 3008.57 2994.1 2980.31 2967.19 2954.75 2942.97 2931.84 2921.37 2911.55 2902.37 2893.83 2886.01 2878.73 2872.09 2866.07 2860.68 2855.92 2851.78 2848.26 2845.36 2843.08 2841.43 2840.4 2839.99 2840.21 2841.04 2842.51 2844.61 2847.35 2850.72 2854.74 2859.41 2864.72 2870.69 2877.33 2884.63 2892.6 2901.26 2910.6
55 3162.01 3145.46 3129.44 3114.13 3099.51 3085.57 3072.32 3059.74 3047.83 3036.57 3025.97 3016.03 3006.72 2998.06 2990.11 2982.71 2975.94 2969.8 2964.29 2959.39 2955.12 2951.48 2948.45 2946.04 2944.26 2943.1 2942.56 2942.65 2943.35 2944.69 2946.66 2949.26 2952.51 2956.4 2960.94 2966.13 2971.98 2978.5 2985.69 2993.56 3002.11 3011.36
55 3140.39 3123.83 3107.81 3092.49 3077.86 3063.92 3050.66 3038.07 3026.15 3014.89 3004.28 2994.33 2985.02 2976.35 2968.4 2961.0 2954.23 2948.08 2942.57 2937.68 2933.41 2929.77 2926.75 2924.35 2922.58 2921.43 2920.9 2921.0 2921.71 2923.06 2925.04 2927.66 2930.92 2934.82 2939.37 2944.58 2950.44 2956.97 2964.16 2972.04 2980.59 2989.84
56 3248.19 3231.48 3215.3 3199.83 3185.05 3170.97 3157.57 3144.85 3132.79 3121.39 3110.66 3100.57 3091.13 3082.34 3074.26 3066.72 3059.83 3053.55 3047.91 3042.89 3038.49 3034.72 3031.56 3029.03 3027.12 3025.83 3025.17 3025.13 3025.71 3026.93 3028.77 3031.25 3034.37 3038.14 3042.56 3047.62 3053.35 3059.75 3066.81 3074.56 3082.99 3092.12
56 3226.49 3209.74 3193.54 3178.05 3163.26 3149.16 3135.75 3123.01 3110.95 3099.55 3088.81 3078.72 3069.28 3060.49 3052.41 3044.88 3037.98 3031.72 3026.08 3021.06 3016.67 3012.9 3009.75 3007.22 3005.31 3004.03 3003.37 3003.33 3003.91 3005.13 3006.97 3009.46 3012.58 3016.34 3020.76 3025.82 3031.55 3037.94 3045.01 3052.75 3061.18 3070.31
57 3336.16 3319.25 3302.89 3287.25 3272.31 3258.06 3244.5 3231.63 3219.42 3207.88 3197.0 3186.77 3177.19 3168.26 3160.05 3152.38 3145.35 3138.95 3133.17 3128.02 3123.49 3119.58 3116.3 3113.64 3111.6 3110.18 3109.39 3109.22 3109.68 3110.76 3112.48 3114.84 3117.84 3121.49 3125.79 3130.74 3136.36 3142.65 3149.62 3157.27 3165.61 3174.65
57 3314.28 3297.36 3280.99 3265.33 3250.38 3236.12 3222.56 3209.67 3197.46 3185.91 3175.03 3164.8 3155.22 3146.29 3138.07 3130.41 3123.38 3116.97 3111.2 3106.05 3101.52 3097.62 3094.34 3091.68 3089.65 3088.23 3087.45 3087.28 3087.74 3088.83 3090.56 3092.92 3095.92 3099.57 3103.88 3108.84 3114.46 3120.76 3127.73 3135.38 3143.73 3152.77
58 3425.79 3408.72 3392.2 3376.39 3361.29 3346.89 3333.18 3320.15 3307.8 3296.11 3285.08 3274.71 3264.99 3255.91 3247.56 3239.75 3232.58 3226.04 3220.12 3214.83 3210.17 3206.12 3202.71 3199.91 3197.73 3196.18 3195.26 3194.96 3195.29 3196.25 3197.84 3200.08 3202.96 3206.49 3210.67 3215.51 3221.02 3227.21 3234.07 3241.63 3249.88 3258.83
58 3403.75 3386.67 3370.15 3354.33 3339.23 3324.82 3311.11 3298.07 3285.71 3274.02 3262.99 3252.62 3242.89 3233.81 3225.46 3217.65 3210.48 3203.93 3198.02 3192.73 3188.07 3184.03 3180.61 3177.82 3175.65 3174.1 3173.19 3172.89 3173.23 3174.19 3175.8 3178.04 3180.92 3184.46 3188.65 3193.5 3199.02 3205.21 3212.08 3219.64 3227.9 3236.86
59 3517.51 3500.21 3483.46 3467.44 3452.14 3437.55 3423.66 3410.45 3397.93 3386.08 3374.9 3364.37 3354.5 3345.28 3336.79 3328.84 3321.53 3314.84 3308.79 3303.36 3298.56 3294.38 3290.82 3287.88 3285.57 3283.88 3282.81 3282.37 3282.55 3283.37 3284.82 3286.92 3289.66 3293.05 3297.09 3301.8 3307.18 3313.24 3319.98 3327.42 3335.56 3344.41
59 3495.37 3478.04 3461.27 3445.23 3429.91 3415.31 3401.41 3388.2 3375.67 3363.82 3352.64 3342.12 3332.25 3323.03 3314.54 3306.6 3299.3 3292.62 3286.57 3281.15 3276.35 3272.17 3268.61 3265.68 3263.36 3261.67 3260.61 3260.17 3260.35 3261.17 3262.62 3264.71 3267.45 3270.84 3274.89 3279.6 3284.98 3291.04 3297.79 3305.24 3313.39 3322.26
60 3610.99 3593.47 3576.51 3560.29 3544.8 3530.02 3515.95 3502.58 3489.89 3477.87 3466.53 3455.85 3445.83 3436.46 3427.81 3419.72 3412.26 3405.43 3399.23 3393.65 3388.7 3384.38 3380.67 3377.59 3375.13 3373.3 3372.09 3371.5 3371.55 3372.23 3373.54 3375.5 3378.11 3381.37 3385.29 3389.89 3395.15 3401.11 3407.75 3415.1 3423.16 3431.95
60 3588.75 3571.2 3554.22 3537.98 3522.47 3507.68 3493.59 3480.21 3467.51 3455.5 3444.15 3433.47 3423.45 3414.07 3405.43 3397.34 3389.88 3383.05 3376.85 3371.28 3366.33 3362.01 3358.3 3355.22 3352.76 3350.92 3349.71 3349.13 3349.17 3349.84 3351.16 3353.11 3355.72 3358.98 3362.9 3367.49 3372.75 3378.71 3385.35 3392.7 3400.77 3409.56
61 3706.27 3688.55 3671.4 3654.99 3639.32 3624.36 3610.11 3596.56 3583.7 3571.52 3560.01 3549.17 3538.99 3529.45 3520.66 3512.41 3504.79 3497.81 3491.46 3485.73 3480.64 3476.16 3472.31 3469.08 3466.47 3464.49 3463.13 3462.41 3462.31 3462.84 3464.01 3465.82 3468.28 3471.4 3475.18 3479.63 3484.75 3490.56 3497.06 3504.27 3512.18 3520.83
61 3683.9 3666.14 3648.96 3632.53 3616.83 3601.86 3587.6 3574.04 3561.18 3549.0 3537.49 3526.65 3516.47 3506.94 3498.15 3489.9 3482.29 3475.31 3468.96 3463.24 3458.14 3453.67 3449.81 3446.58 3443.97 3441.99 3440.63 3439.89 3439.79 3440.32 3441.48 3443.29 3445.75 3448.86 3452.64 3457.09 3462.22 3468.03 3474.54 3481.76 3489.7 3498.36
62 3803.73 3785.75 3768.35 3751.71 3735.81 3720.64 3706.19 3692.45 3679.41 3667.05 3655.37 3644.36 3634.01 3624.32 3615.37 3606.96 3599.19 3592.05 3585.55 3579.67 3574.42 3569.79 3565.78 3562.4 3559.64 3557.5 3555.99 3555.1 3554.85 3555.23 3556.24 3557.91 3560.22 3563.19 3566.83 3571.13 3576.12 3581.8 3588.19 3595.28 3603.1 3611.65
62 3781.15 3763.16 3745.76 3729.12 3713.21 3698.04 3683.58 3669.83 3656.78 3644.41 3632.73 3621.71 3611.36 3601.66 3592.7 3584.29 3576.52 3569.38 3562.87 3557.0 3551.75 3547.12 3543.11 3539.73 3536.98 3534.84 3533.34 3532.46 3532.21 3532.6 3533.62 3535.29 3537.61 3540.58 3544.22 3548.53 3553.53 3559.21 3565.59 3572.68 3580.49 3589.03
63 3902.83 3884.66 3867.07 3850.25 3834.17 3818.82 3804.19 3790.27 3777.05 3764.52 3752.67 3741.49 3730.98 3721.12 3712.0 3703.42 3695.49 3688.19 3681.52 3675.48 3670.06 3665.27 3661.1 3657.56 3654.63 3652.34 3650.67 3649.63 3649.23 3649.46 3650.33 3651.85 3654.02 3656.85 3660.35 3664.53 3669.4 3674.96 3681.23 3688.22 3695.93 3704.39
63 3880.1 3861.93 3844.35 3827.52 3811.43 3796.08 3781.45 3767.52 3754.3 3741.76 3729.9 3718.72 3708.2 3698.33 3689.2 3680.62 3672.69 3665.38 3658.71 3652.67 3647.25 3642.46 3638.29 3634.75 3631.83 3629.54 3627.88 3626.84 3626.44 3626.68 3627.55 3629.07 3631.25 3634.09 3637.6 3641.78 3646.65 3652.21 3658.48 3665.47 3673.18 3681.63
64 4004.33 3985.92 3968.09 3951.03 3934.72 3919.15 3904.31 3890.19 3876.76 3864.03 3851.99 3840.62 3829.92 3819.87 3810.57 3801.82 3793.71 3786.24 3779.4 3773.19 3767.61 3762.65 3758.32 3754.61 3751.53 3749.07 3747.24 3746.04 3745.47 3745.53 3746.24 3747.59 3749.59 3752.26 3755.59 3759.6 3764.29 3769.68 3775.77 3782.58 3790.12 3798.4
64 3981.44 3962.97 3945.1 3928.01 3911.68 3896.09 3881.25 3867.12 3853.7 3840.98 3828.95 3817.59 3806.91 3796.88 3787.6 3778.86 3770.76 3763.3 3756.47 3750.27 3744.7 3739.74 3735.41 3731.7 3728.61 3726.15 3724.31 3723.1 3722.52 3722.57 3723.27 3724.61 3726.61 3729.27 3732.6 3736.62 3741.32 3746.73 3752.85 3759.7 3767.28 3775.62
65 4107.83 4089.16 4071.09 4053.79 4037.26 4021.47 4006.42 3992.08 3978.46 3965.54 3953.3 3941.75 3930.86 3920.64 3911.16 3902.23 3893.95 3886.3 3879.29 3872.91 3867.15 3862.02 3857.52 3853.64 3850.38 3847.75 3845.75 3844.38 3843.65 3843.54 3844.08 3845.27 3847.11 3849.62 3852.8 3856.66 3861.21 3866.46 3872.42 3879.1 3886.52 3894.69
65 4084.61 4065.96 4047.9 4030.62 4014.09 3998.31 3983.27 3968.94 3955.33 3942.41 3930.18 3918.63 3907.75 3897.53 3888.06 3879.14 3870.85 3863.21 3856.2 3849.82 3844.07 3838.95 3834.44 3830.57 3827.32 3824.69 3822.69 3821.33 3820.6 3820.5 3821.04 3822.23 3824.08 3826.59 3829.77 3833.63 3838.18 3843.43 3849.39 3856.07 3863.48 3871.65
66 4213.16 4194.34 4176.1 4158.62 4141.9 4125.92 4110.68 4096.15 4082.32 4069.2 4056.76 4045.0 4033.91 4023.48 4013.81 4004.69 3996.21 3988.37 3981.17 3974.6 3968.67 3963.36 3958.68 3954.63 3951.2 3948.41 3946.24 3944.7 3943.81 3943.54 3943.91 3944.93 3946.6 3948.93 3951.93 3955.59 3959.94 3964.98 3970.72 3977.16 3984.33 3992.23
66 4189.9 4171.04 4152.78 4135.29 4118.56 4102.58 4087.33 4072.8 4058.99 4045.87 4033.44 4021.69 4010.62 4000.21 3990.55 3981.43 3972.97 3965.14 3957.94 3951.38 3945.45 3940.14 3935.46 3931.41 3927.98 3925.18 3923.01 3921.46 3920.56 3920.28 3920.65 3921.66 3923.33 3925.65 3928.65 3932.32 3936.68 3941.74 3947.5 3953.98 3961.19 3969.14
